0	0.25000000000000006
1	0.1111111111111111
2	0.22222222222222227
3	0.05555555555555555
4	0.19444444444444448
5	0.05555555555555555
6	0.16666666666666669
7	0.027777777777777776
8	0.1111111111111111
9	0.1388888888888889
10	0.08333333333333333
11	0.16666666666666669
12	0.1111111111111111
13	0.16666666666666669
14	0.08333333333333333
15	0.08333333333333333
16	0.1111111111111111
17	0.08333333333333333
18	0.05555555555555555
19	0.1111111111111111
20	0.25000000000000006
21	0.0
22	0.08333333333333333
23	0.1111111111111111
24	0.1388888888888889
25	0.1388888888888889
26	0.05555555555555555
27	0.1111111111111111
28	0.027777777777777776
29	0.08333333333333333
30	0.1111111111111111
31	0.1111111111111111
32	0.19444444444444448
33	0.22222222222222227
34	0.1111111111111111
35	0.027777777777777776
36	0.08333333333333333
37	0.05555555555555555
38	0.1111111111111111
39	0.1111111111111111
40	0.05555555555555555
41	0.08333333333333333
42	0.027777777777777776
43	0.1388888888888889
44	0.1111111111111111
45	0.22222222222222227
46	0.027777777777777776
47	0.08333333333333333
48	0.08333333333333333
49	0.1111111111111111
50	0.22222222222222227
51	0.16666666666666669
52	0.05555555555555555
53	0.05555555555555555
54	0.19444444444444448
55	0.1388888888888889
56	0.08333333333333333
57	0.16666666666666669
58	0.1111111111111111
59	0.1388888888888889
60	0.1111111111111111
61	0.1388888888888889
62	0.08333333333333333
63	0.22222222222222227
64	0.08333333333333333
65	0.16666666666666669
66	0.08333333333333333
67	0.1388888888888889
68	0.19444444444444448
69	0.08333333333333333
70	0.1111111111111111
71	0.1388888888888889
72	0.1388888888888889
73	0.22222222222222227
74	0.1388888888888889
75	0.08333333333333333
76	0.19444444444444448
77	0.1111111111111111
78	0.16666666666666669
79	0.16666666666666669
80	0.1111111111111111
81	0.22222222222222227
82	0.16666666666666669
83	0.05555555555555555
84	0.08333333333333333
85	0.1388888888888889
86	0.1388888888888889
87	0.027777777777777776
88	0.08333333333333333
89	0.08333333333333333
90	0.25000000000000006
91	0.05555555555555555
92	0.1111111111111111
93	0.1388888888888889
94	0.05555555555555555
95	0.027777777777777776
96	0.1111111111111111
97	0.05555555555555555
98	0.1388888888888889
99	0.08333333333333333
100	0.1111111111111111
101	0.1111111111111111
102	0.05555555555555555
103	0.1111111111111111
104	0.08333333333333333
105	0.1111111111111111
106	0.1388888888888889
107	0.1111111111111111
108	0.16666666666666669
109	0.16666666666666669
110	0.1388888888888889
111	0.1388888888888889
112	0.19444444444444448
113	0.05555555555555555
114	0.19444444444444448
115	0.19444444444444448
116	0.16666666666666669
117	0.16666666666666669
118	0.19444444444444448
119	0.027777777777777776
120	0.1111111111111111
121	0.0
122	0.1111111111111111
123	0.05555555555555555
124	0.05555555555555555
125	0.22222222222222227
126	0.08333333333333333
127	0.19444444444444448
128	0.1388888888888889
129	0.25000000000000006
130	0.1111111111111111
131	0.1388888888888889
132	0.05555555555555555
133	0.1388888888888889
134	0.05555555555555555
135	0.05555555555555555
136	0.1111111111111111
137	0.1111111111111111
138	0.05555555555555555
139	0.1388888888888889
140	0.05555555555555555
141	0.1111111111111111
142	0.05555555555555555
143	0.1111111111111111
144	0.16666666666666669
145	0.08333333333333333
146	0.08333333333333333
147	0.1388888888888889
148	0.16666666666666669
149	0.1111111111111111
150	0.19444444444444448
151	0.1111111111111111
152	0.1111111111111111
153	0.1111111111111111
154	0.25000000000000006
155	0.027777777777777776
156	0.05555555555555555
157	0.1388888888888889
158	0.1388888888888889
159	0.16666666666666669
160	0.05555555555555555
161	0.16666666666666669
162	0.1111111111111111
163	0.1388888888888889
164	0.05555555555555555
165	0.0
166	0.1388888888888889
167	0.1388888888888889
168	0.05555555555555555
169	0.1388888888888889
170	0.05555555555555555
171	0.1388888888888889
172	0.1111111111111111
173	0.1388888888888889
174	0.08333333333333333
175	0.08333333333333333
176	0.1388888888888889
177	0.1111111111111111
178	0.27777777777777785
179	0.05555555555555555
180	0.1388888888888889
181	0.1388888888888889
182	0.19444444444444448
183	0.0
184	0.1111111111111111
185	0.1388888888888889
186	0.1111111111111111
187	0.16666666666666669
188	0.027777777777777776
189	0.19444444444444448
190	0.08333333333333333
191	0.1111111111111111
192	0.1388888888888889
193	0.1111111111111111
194	0.1111111111111111
195	0.16666666666666669
196	0.16666666666666669
197	0.1111111111111111
198	0.05555555555555555
199	0.0
200	0.16666666666666669
201	0.05555555555555555
202	0.1388888888888889
203	0.08333333333333333
204	0.05555555555555555
205	0.05555555555555555
206	0.027777777777777776
207	0.08333333333333333
208	0.1111111111111111
209	0.05555555555555555
210	0.027777777777777776
211	0.19444444444444448
212	0.05555555555555555
213	0.1388888888888889
214	0.16666666666666669
215	0.1111111111111111
216	0.16666666666666669
217	0.1388888888888889
218	0.16666666666666669
219	0.1388888888888889
220	0.16666666666666669
221	0.1111111111111111
222	0.1388888888888889
223	0.08333333333333333
224	0.1111111111111111
225	0.05555555555555555
226	0.1111111111111111
227	0.16666666666666669
228	0.027777777777777776
229	0.05555555555555555
230	0.1388888888888889
231	0.22222222222222227
232	0.1111111111111111
233	0.16666666666666669
234	0.1111111111111111
235	0.1111111111111111
236	0.027777777777777776
237	0.1111111111111111
238	0.1388888888888889
239	0.05555555555555555
240	0.1388888888888889
241	0.22222222222222227
242	0.0
243	0.08333333333333333
244	0.27777777777777785
245	0.027777777777777776
246	0.16666666666666669
247	0.1111111111111111
248	0.027777777777777776
249	0.1388888888888889
250	0.08333333333333333
251	0.1111111111111111
252	0.1111111111111111
253	0.16666666666666669
254	0.08333333333333333
255	0.05555555555555555
256	0.05555555555555555
257	0.1388888888888889
258	0.1388888888888889
259	0.1388888888888889
260	0.1111111111111111
261	0.1111111111111111
262	0.1111111111111111
263	0.05555555555555555
264	0.19444444444444448
265	0.08333333333333333
266	0.1388888888888889
267	0.19444444444444448
268	0.08333333333333333
269	0.19444444444444448
270	0.05555555555555555
271	0.1111111111111111
272	0.08333333333333333
273	0.1388888888888889
274	0.1388888888888889
275	0.16666666666666669
276	0.1388888888888889
277	0.1111111111111111
278	0.1111111111111111
279	0.1111111111111111
280	0.1388888888888889
281	0.1111111111111111
282	0.16666666666666669
283	0.05555555555555555
284	0.22222222222222227
285	0.16666666666666669
286	0.08333333333333333
287	0.1388888888888889
288	0.1388888888888889
289	0.05555555555555555
290	0.027777777777777776
291	0.08333333333333333
292	0.1111111111111111
293	0.1388888888888889
294	0.08333333333333333
295	0.1111111111111111
296	0.19444444444444448
297	0.05555555555555555
298	0.05555555555555555
299	0.16666666666666669
300	0.22222222222222227
301	0.1111111111111111
302	0.1111111111111111
303	0.05555555555555555
304	0.1388888888888889
305	0.1111111111111111
306	0.1111111111111111
307	0.1388888888888889
308	0.05555555555555555
309	0.1111111111111111
310	0.027777777777777776
311	0.05555555555555555
312	0.1388888888888889
313	0.1388888888888889
314	0.1111111111111111
315	0.1388888888888889
316	0.19444444444444448
317	0.16666666666666669
318	0.19444444444444448
319	0.1111111111111111
320	0.08333333333333333
321	0.1111111111111111
322	0.19444444444444448
323	0.05555555555555555
324	0.1388888888888889
325	0.0
326	0.1388888888888889
327	0.08333333333333333
328	0.027777777777777776
329	0.1388888888888889
330	0.027777777777777776
331	0.027777777777777776
332	0.08333333333333333
333	0.1111111111111111
334	0.08333333333333333
335	0.1388888888888889
336	0.08333333333333333
337	0.05555555555555555
338	0.08333333333333333
339	0.08333333333333333
340	0.16666666666666669
341	0.16666666666666669
342	0.1111111111111111
343	0.1388888888888889
344	0.16666666666666669
345	0.16666666666666669
346	0.1111111111111111
347	0.25000000000000006
348	0.1111111111111111
349	0.05555555555555555
350	0.08333333333333333
351	0.1388888888888889
352	0.08333333333333333
353	0.1388888888888889
354	0.08333333333333333
355	0.1111111111111111
356	0.22222222222222227
357	0.1111111111111111
358	0.08333333333333333
359	0.05555555555555555
360	0.1111111111111111
361	0.19444444444444448
362	0.1111111111111111
363	0.08333333333333333
364	0.027777777777777776
365	0.16666666666666669
366	0.1111111111111111
367	0.027777777777777776
368	0.16666666666666669
369	0.19444444444444448
370	0.05555555555555555
371	0.08333333333333333
372	0.19444444444444448
373	0.1388888888888889
374	0.1111111111111111
375	0.08333333333333333
376	0.05555555555555555
377	0.05555555555555555
378	0.05555555555555555
379	0.05555555555555555
380	0.027777777777777776
381	0.08333333333333333
382	0.0
383	0.1111111111111111
384	0.08333333333333333
385	0.08333333333333333
386	0.08333333333333333
387	0.05555555555555555
388	0.1388888888888889
389	0.08333333333333333
390	0.19444444444444448
391	0.1111111111111111
392	0.1388888888888889
393	0.16666666666666669
394	0.1111111111111111
395	0.08333333333333333
396	0.1388888888888889
397	0.05555555555555555
398	0.19444444444444448
399	0.1388888888888889
400	0.08333333333333333
401	0.08333333333333333
402	0.05555555555555555
403	0.027777777777777776
404	0.1388888888888889
405	0.08333333333333333
406	0.05555555555555555
407	0.027777777777777776
408	0.05555555555555555
409	0.1111111111111111
410	0.1111111111111111
411	0.08333333333333333
412	0.1388888888888889
413	0.16666666666666669
414	0.1388888888888889
415	0.1111111111111111
416	0.08333333333333333
417	0.16666666666666669
418	0.19444444444444448
419	0.19444444444444448
420	0.027777777777777776
421	0.1388888888888889
422	0.05555555555555555
423	0.22222222222222227
424	0.1388888888888889
425	0.05555555555555555
426	0.05555555555555555
427	0.08333333333333333
428	0.08333333333333333
429	0.08333333333333333
430	0.16666666666666669
431	0.1111111111111111
432	0.08333333333333333
433	0.1111111111111111
434	0.1111111111111111
435	0.1111111111111111
436	0.1111111111111111
437	0.05555555555555555
438	0.27777777777777785
439	0.027777777777777776
440	0.1111111111111111
441	0.08333333333333333
442	0.08333333333333333
443	0.08333333333333333
444	0.19444444444444448
445	0.1111111111111111
446	0.16666666666666669
447	0.08333333333333333
448	0.19444444444444448
449	0.16666666666666669
450	0.1388888888888889
451	0.1111111111111111
452	0.1111111111111111
453	0.1111111111111111
454	0.05555555555555555
455	0.1111111111111111
456	0.1388888888888889
457	0.1111111111111111
458	0.05555555555555555
459	0.1111111111111111
460	0.16666666666666669
461	0.1388888888888889
462	0.1111111111111111
463	0.1111111111111111
464	0.08333333333333333
465	0.027777777777777776
466	0.1111111111111111
467	0.08333333333333333
468	0.1111111111111111
469	0.05555555555555555
470	0.05555555555555555
471	0.1111111111111111
472	0.22222222222222227
473	0.08333333333333333
474	0.08333333333333333
475	0.0
476	0.1388888888888889
477	0.027777777777777776
478	0.027777777777777776
479	0.05555555555555555
480	0.08333333333333333
481	0.05555555555555555
482	0.1388888888888889
483	0.25000000000000006
484	0.16666666666666669
485	0.1111111111111111
486	0.16666666666666669
487	0.05555555555555555
488	0.1388888888888889
489	0.16666666666666669
490	0.08333333333333333
491	0.19444444444444448
492	0.0
493	0.1388888888888889
494	0.0
495	0.1111111111111111
496	0.1388888888888889
497	0.08333333333333333
498	0.05555555555555555
499	0.16666666666666669
500	0.22222222222222227
501	0.16666666666666669
502	0.16666666666666669
503	0.1111111111111111
504	0.1111111111111111
505	0.19444444444444448
506	0.027777777777777776
507	0.1111111111111111
508	0.16666666666666669
509	0.19444444444444448
510	0.1111111111111111
511	0.1388888888888889
512	0.08333333333333333
513	0.08333333333333333
514	0.05555555555555555
515	0.05555555555555555
516	0.1111111111111111
517	0.1111111111111111
518	0.08333333333333333
519	0.16666666666666669
520	0.19444444444444448
521	0.19444444444444448
522	0.16666666666666669
523	0.19444444444444448
524	0.1388888888888889
525	0.22222222222222227
526	0.08333333333333333
527	0.027777777777777776
528	0.1388888888888889
529	0.05555555555555555
530	0.08333333333333333
531	0.05555555555555555
532	0.1111111111111111
533	0.1388888888888889
534	0.16666666666666669
535	0.08333333333333333
536	0.027777777777777776
537	0.05555555555555555
538	0.08333333333333333
539	0.25000000000000006
540	0.1111111111111111
541	0.19444444444444448
542	0.0
543	0.027777777777777776
544	0.16666666666666669
545	0.16666666666666669
546	0.08333333333333333
547	0.1111111111111111
548	0.05555555555555555
549	0.22222222222222227
550	0.25000000000000006
551	0.19444444444444448
552	0.1111111111111111
553	0.22222222222222227
554	0.19444444444444448
555	0.16666666666666669
556	0.1111111111111111
557	0.05555555555555555
558	0.1388888888888889
559	0.19444444444444448
560	0.027777777777777776
561	0.1388888888888889
562	0.1111111111111111
563	0.1388888888888889
564	0.08333333333333333
565	0.19444444444444448
566	0.22222222222222227
567	0.027777777777777776
568	0.05555555555555555
569	0.1388888888888889
570	0.16666666666666669
571	0.19444444444444448
572	0.1111111111111111
573	0.1111111111111111
574	0.08333333333333333
575	0.1388888888888889
576	0.1111111111111111
577	0.19444444444444448
578	0.1111111111111111
579	0.05555555555555555
580	0.027777777777777776
581	0.22222222222222227
582	0.08333333333333333
583	0.1111111111111111
584	0.05555555555555555
585	0.08333333333333333
586	0.027777777777777776
587	0.1388888888888889
588	0.05555555555555555
589	0.16666666666666669
590	0.08333333333333333
591	0.08333333333333333
592	0.027777777777777776
593	0.25000000000000006
594	0.1111111111111111
595	0.1388888888888889
596	0.1388888888888889
597	0.19444444444444448
598	0.08333333333333333
599	0.19444444444444448
600	0.22222222222222227
601	0.1388888888888889
602	0.027777777777777776
603	0.1111111111111111
604	0.22222222222222227
605	0.027777777777777776
606	0.16666666666666669
607	0.08333333333333333
608	0.1388888888888889
609	0.1111111111111111
610	0.05555555555555555
611	0.1111111111111111
612	0.1388888888888889
613	0.19444444444444448
614	0.05555555555555555
615	0.1111111111111111
616	0.05555555555555555
617	0.05555555555555555
618	0.1388888888888889
619	0.05555555555555555
620	0.1388888888888889
621	0.08333333333333333
622	0.1111111111111111
623	0.05555555555555555
624	0.1111111111111111
625	0.19444444444444448
626	0.08333333333333333
627	0.1111111111111111
628	0.1111111111111111
629	0.05555555555555555
630	0.08333333333333333
631	0.25000000000000006
632	0.1111111111111111
633	0.027777777777777776
634	0.05555555555555555
635	0.19444444444444448
636	0.1388888888888889
637	0.1388888888888889
638	0.1388888888888889
639	0.05555555555555555
640	0.19444444444444448
641	0.1111111111111111
642	0.1111111111111111
643	0.1111111111111111
644	0.08333333333333333
645	0.1111111111111111
646	0.1111111111111111
647	0.1388888888888889
648	0.1388888888888889
649	0.05555555555555555
650	0.1111111111111111
651	0.05555555555555555
652	0.1111111111111111
653	0.05555555555555555
654	0.027777777777777776
655	0.1388888888888889
656	0.1111111111111111
657	0.1111111111111111
658	0.08333333333333333
659	0.19444444444444448
660	0.1388888888888889
661	0.1388888888888889
662	0.08333333333333333
663	0.1111111111111111
664	0.1388888888888889
665	0.16666666666666669
666	0.16666666666666669
667	0.1388888888888889
668	0.22222222222222227
669	0.19444444444444448
670	0.16666666666666669
671	0.1388888888888889
672	0.1111111111111111
673	0.08333333333333333
674	0.1388888888888889
675	0.08333333333333333
676	0.1388888888888889
677	0.1111111111111111
678	0.08333333333333333
679	0.05555555555555555
680	0.1111111111111111
681	0.1388888888888889
682	0.08333333333333333
683	0.1388888888888889
684	0.1111111111111111
685	0.08333333333333333
686	0.05555555555555555
687	0.16666666666666669
688	0.22222222222222227
689	0.16666666666666669
690	0.1388888888888889
691	0.1111111111111111
692	0.16666666666666669
693	0.19444444444444448
694	0.16666666666666669
695	0.1111111111111111
696	0.08333333333333333
697	0.08333333333333333
698	0.08333333333333333
699	0.05555555555555555
700	0.1388888888888889
701	0.16666666666666669
702	0.1111111111111111
703	0.05555555555555555
704	0.16666666666666669
705	0.08333333333333333
706	0.25000000000000006
707	0.05555555555555555
708	0.16666666666666669
709	0.16666666666666669
710	0.1388888888888889
711	0.08333333333333333
712	0.1111111111111111
713	0.16666666666666669
714	0.05555555555555555
715	0.16666666666666669
716	0.16666666666666669
717	0.16666666666666669
718	0.1388888888888889
719	0.027777777777777776
720	0.05555555555555555
721	0.16666666666666669
722	0.027777777777777776
723	0.16666666666666669
724	0.16666666666666669
725	0.16666666666666669
726	0.05555555555555555
727	0.19444444444444448
728	0.19444444444444448
729	0.05555555555555555
730	0.08333333333333333
731	0.1111111111111111
732	0.1111111111111111
733	0.19444444444444448
734	0.08333333333333333
735	0.05555555555555555
736	0.08333333333333333
737	0.1111111111111111
738	0.1111111111111111
739	0.08333333333333333
740	0.027777777777777776
741	0.1111111111111111
742	0.027777777777777776
743	0.08333333333333333
744	0.08333333333333333
745	0.16666666666666669
746	0.05555555555555555
747	0.16666666666666669
748	0.19444444444444448
749	0.08333333333333333
750	0.05555555555555555
751	0.22222222222222227
752	0.05555555555555555
753	0.1111111111111111
754	0.25000000000000006
755	0.1388888888888889
756	0.027777777777777776
757	0.19444444444444448
758	0.027777777777777776
759	0.1388888888888889
760	0.1388888888888889
761	0.1388888888888889
762	0.27777777777777785
763	0.027777777777777776
764	0.08333333333333333
765	0.05555555555555555
766	0.1388888888888889
767	0.19444444444444448
768	0.1111111111111111
769	0.1388888888888889
770	0.1111111111111111
771	0.1111111111111111
772	0.16666666666666669
773	0.027777777777777776
774	0.05555555555555555
775	0.1111111111111111
776	0.22222222222222227
777	0.05555555555555555
778	0.05555555555555555
779	0.1111111111111111
780	0.22222222222222227
781	0.16666666666666669
782	0.05555555555555555
783	0.08333333333333333
784	0.1388888888888889
785	0.1111111111111111
786	0.1111111111111111
787	0.1388888888888889
788	0.19444444444444448
789	0.027777777777777776
790	0.1111111111111111
791	0.22222222222222227
792	0.05555555555555555
793	0.1111111111111111
794	0.08333333333333333
795	0.027777777777777776
796	0.16666666666666669
797	0.1111111111111111
798	0.1388888888888889
799	0.1388888888888889
800	0.27777777777777785
801	0.27777777777777785
802	0.16666666666666669
803	0.1388888888888889
804	0.1388888888888889
805	0.30555555555555564
806	0.16666666666666669
807	0.1388888888888889
808	0.05555555555555555
809	0.08333333333333333
810	0.1111111111111111
811	0.0
812	0.08333333333333333
813	0.1111111111111111
814	0.05555555555555555
815	0.027777777777777776
816	0.25000000000000006
817	0.16666666666666669
818	0.19444444444444448
819	0.1388888888888889
820	0.1111111111111111
821	0.08333333333333333
822	0.19444444444444448
823	0.30555555555555564
824	0.08333333333333333
825	0.08333333333333333
826	0.08333333333333333
827	0.1111111111111111
828	0.16666666666666669
829	0.1388888888888889
830	0.22222222222222227
831	0.1111111111111111
832	0.1111111111111111
833	0.1388888888888889
834	0.1388888888888889
835	0.05555555555555555
836	0.05555555555555555
837	0.1111111111111111
838	0.08333333333333333
839	0.19444444444444448
840	0.08333333333333333
841	0.1111111111111111
842	0.1111111111111111
843	0.08333333333333333
844	0.05555555555555555
845	0.1111111111111111
846	0.1111111111111111
847	0.1388888888888889
848	0.1111111111111111
849	0.22222222222222227
850	0.08333333333333333
851	0.19444444444444448
852	0.16666666666666669
853	0.08333333333333333
854	0.22222222222222227
855	0.1388888888888889
856	0.08333333333333333
857	0.1111111111111111
858	0.027777777777777776
859	0.05555555555555555
860	0.19444444444444448
861	0.1111111111111111
862	0.08333333333333333
863	0.05555555555555555
864	0.16666666666666669
865	0.1388888888888889
866	0.08333333333333333
867	0.05555555555555555
868	0.1388888888888889
869	0.1388888888888889
870	0.1111111111111111
871	0.1388888888888889
872	0.1111111111111111
873	0.027777777777777776
874	0.19444444444444448
875	0.1111111111111111
876	0.1111111111111111
877	0.1111111111111111
878	0.0
879	0.05555555555555555
880	0.0
881	0.1111111111111111
882	0.08333333333333333
883	0.08333333333333333
884	0.1111111111111111
885	0.16666666666666669
886	0.1388888888888889
887	0.1388888888888889
888	0.25000000000000006
889	0.05555555555555555
890	0.1388888888888889
891	0.027777777777777776
892	0.1111111111111111
893	0.08333333333333333
894	0.08333333333333333
895	0.16666666666666669
896	0.1111111111111111
897	0.05555555555555555
898	0.19444444444444448
899	0.16666666666666669
900	0.1111111111111111
901	0.08333333333333333
902	0.16666666666666669
903	0.1388888888888889
904	0.0
905	0.1388888888888889
906	0.1111111111111111
907	0.05555555555555555
908	0.16666666666666669
909	0.25000000000000006
910	0.1111111111111111
911	0.16666666666666669
912	0.22222222222222227
913	0.1388888888888889
914	0.19444444444444448
915	0.05555555555555555
916	0.19444444444444448
917	0.19444444444444448
918	0.1111111111111111
919	0.1111111111111111
920	0.027777777777777776
921	0.1111111111111111
922	0.1111111111111111
923	0.05555555555555555
924	0.05555555555555555
925	0.1388888888888889
926	0.1388888888888889
927	0.08333333333333333
928	0.08333333333333333
929	0.05555555555555555
930	0.1111111111111111
931	0.16666666666666669
932	0.05555555555555555
933	0.1111111111111111
934	0.22222222222222227
935	0.0
936	0.16666666666666669
937	0.1388888888888889
938	0.08333333333333333
939	0.25000000000000006
940	0.1388888888888889
941	0.08333333333333333
942	0.1111111111111111
943	0.05555555555555555
944	0.08333333333333333
945	0.08333333333333333
946	0.027777777777777776
947	0.05555555555555555
948	0.08333333333333333
949	0.08333333333333333
950	0.25000000000000006
951	0.22222222222222227
952	0.1111111111111111
953	0.08333333333333333
954	0.1111111111111111
955	0.08333333333333333
956	0.1111111111111111
957	0.05555555555555555
958	0.19444444444444448
959	0.08333333333333333
960	0.1388888888888889
961	0.19444444444444448
962	0.1111111111111111
963	0.08333333333333333
964	0.1388888888888889
965	0.1111111111111111
966	0.1388888888888889
967	0.027777777777777776
968	0.22222222222222227
969	0.05555555555555555
970	0.08333333333333333
971	0.1111111111111111
972	0.05555555555555555
973	0.1111111111111111
974	0.22222222222222227
975	0.1111111111111111
976	0.1111111111111111
977	0.1388888888888889
978	0.05555555555555555
979	0.1111111111111111
980	0.027777777777777776
981	0.1388888888888889
982	0.1388888888888889
983	0.19444444444444448
984	0.16666666666666669
985	0.1388888888888889
986	0.08333333333333333
987	0.1111111111111111
988	0.1111111111111111
989	0.22222222222222227
990	0.19444444444444448
991	0.16666666666666669
992	0.05555555555555555
993	0.027777777777777776
994	0.08333333333333333
995	0.19444444444444448
996	0.1388888888888889
997	0.19444444444444448
998	0.1111111111111111
999	0.1111111111111111
