0	0.3326666666666671
1	0.34200000000000036
2	0.3260000000000005
3	0.3600000000000004
4	0.3320000000000005
5	0.3333333333333337
6	0.35133333333333366
7	0.3346666666666671
8	0.32866666666666716
9	0.3260000000000005
10	0.3280000000000005
11	0.3280000000000004
12	0.3320000000000005
13	0.3633333333333336
14	0.34333333333333377
15	0.33666666666666706
16	0.32400000000000045
17	0.3226666666666671
18	0.3066666666666672
19	0.3420000000000004
20	0.3346666666666671
21	0.3366666666666671
22	0.3273333333333338
23	0.3473333333333337
24	0.3180000000000005
25	0.31666666666666715
26	0.33600000000000046
27	0.3280000000000004
28	0.32600000000000046
29	0.3180000000000005
30	0.32866666666666716
31	0.3053333333333338
32	0.3220000000000005
33	0.34000000000000036
34	0.3140000000000005
35	0.3020000000000005
36	0.3146666666666672
37	0.340666666666667
38	0.3500000000000004
39	0.32800000000000046
40	0.33466666666666706
41	0.3440000000000004
42	0.352666666666667
43	0.3420000000000004
44	0.356666666666667
45	0.33600000000000046
46	0.3353333333333337
47	0.3386666666666671
48	0.3206666666666671
49	0.3346666666666671
50	0.3260000000000004
51	0.33066666666666716
52	0.3546666666666671
53	0.360666666666667
54	0.3240000000000005
55	0.35200000000000037
56	0.2913333333333337
57	0.3480000000000004
58	0.32333333333333386
59	0.3460000000000004
60	0.32400000000000045
61	0.35000000000000037
62	0.32866666666666716
63	0.3306666666666671
64	0.31066666666666715
65	0.3286666666666671
66	0.3200000000000005
67	0.3340000000000004
68	0.3093333333333338
69	0.36066666666666697
70	0.3346666666666671
71	0.32933333333333376
72	0.32600000000000046
73	0.3266666666666671
74	0.3313333333333338
75	0.3213333333333338
76	0.3133333333333339
77	0.3526666666666671
78	0.3540000000000003
79	0.3620000000000003
80	0.3106666666666672
81	0.34800000000000036
82	0.3086666666666672
83	0.354666666666667
84	0.35000000000000037
85	0.356666666666667
86	0.3080000000000005
87	0.30733333333333374
88	0.34333333333333377
89	0.3560000000000003
90	0.3306666666666671
91	0.3166666666666671
92	0.31266666666666715
93	0.3353333333333338
94	0.33600000000000046
95	0.31200000000000044
96	0.3420000000000004
97	0.3280000000000005
98	0.3160000000000005
99	0.3406666666666671
100	0.32266666666666716
101	0.33066666666666716
102	0.3486666666666671
103	0.3346666666666671
104	0.3520000000000003
105	0.3233333333333338
106	0.3146666666666672
107	0.3533333333333337
108	0.3473333333333337
109	0.3560000000000003
110	0.3413333333333337
111	0.3386666666666671
112	0.3026666666666672
113	0.32666666666666705
114	0.3153333333333338
115	0.3286666666666672
116	0.332666666666667
117	0.3000000000000005
118	0.3493333333333337
119	0.352666666666667
120	0.3406666666666671
121	0.3066666666666672
122	0.33066666666666716
123	0.33733333333333376
124	0.3113333333333339
125	0.3366666666666671
126	0.33733333333333376
127	0.3333333333333338
128	0.33533333333333376
129	0.3346666666666671
130	0.3253333333333338
131	0.3240000000000005
132	0.3273333333333338
133	0.3293333333333338
134	0.32600000000000046
135	0.33333333333333365
136	0.33600000000000046
137	0.32333333333333375
138	0.33133333333333387
139	0.32466666666666716
140	0.3160000000000005
141	0.35200000000000037
142	0.33200000000000046
143	0.3420000000000003
144	0.3313333333333338
145	0.350666666666667
146	0.3186666666666671
147	0.3233333333333338
148	0.3313333333333338
149	0.31333333333333385
150	0.3206666666666671
151	0.3346666666666671
152	0.330666666666667
153	0.35200000000000037
154	0.3280000000000005
155	0.33000000000000046
156	0.3280000000000004
157	0.3406666666666671
158	0.3406666666666671
159	0.32133333333333386
160	0.32733333333333375
161	0.356666666666667
162	0.33400000000000046
163	0.35400000000000037
164	0.32800000000000046
165	0.3166666666666672
166	0.3053333333333339
167	0.3053333333333338
168	0.3346666666666671
169	0.34866666666666707
170	0.32800000000000046
171	0.3306666666666672
172	0.34866666666666707
173	0.34866666666666707
174	0.3493333333333337
175	0.3406666666666671
176	0.3500000000000003
177	0.3213333333333338
178	0.3280000000000004
179	0.3280000000000005
180	0.33333333333333376
181	0.30933333333333385
182	0.33466666666666717
183	0.3513333333333337
184	0.33733333333333376
185	0.33800000000000047
186	0.3453333333333337
187	0.3266666666666671
188	0.32466666666666716
189	0.3466666666666671
190	0.3266666666666671
191	0.33866666666666717
192	0.32800000000000046
193	0.33333333333333376
194	0.3206666666666672
195	0.32866666666666705
196	0.3340000000000005
197	0.33600000000000035
198	0.34000000000000047
199	0.3380000000000004
200	0.35533333333333367
201	0.3480000000000004
202	0.3333333333333338
203	0.3320000000000004
204	0.32466666666666705
205	0.32133333333333386
206	0.35933333333333367
207	0.32200000000000045
208	0.3413333333333337
209	0.30600000000000055
210	0.3433333333333338
211	0.3166666666666672
212	0.3420000000000004
213	0.3406666666666671
214	0.3653333333333336
215	0.3100000000000004
216	0.30133333333333384
217	0.3226666666666671
218	0.3580000000000003
219	0.31533333333333385
220	0.3140000000000005
221	0.3346666666666671
222	0.33000000000000046
223	0.352666666666667
224	0.3200000000000005
225	0.3460000000000004
226	0.3480000000000004
227	0.3453333333333337
228	0.3493333333333337
229	0.3400000000000004
230	0.3613333333333337
231	0.32600000000000046
232	0.3240000000000004
233	0.3600000000000003
234	0.34266666666666706
235	0.34000000000000047
236	0.3340000000000004
237	0.3360000000000004
238	0.33600000000000046
239	0.358666666666667
240	0.3306666666666671
241	0.3386666666666671
242	0.3413333333333337
243	0.3333333333333338
244	0.3393333333333337
245	0.29933333333333384
246	0.3153333333333338
247	0.3386666666666671
248	0.32800000000000046
249	0.3333333333333337
250	0.3173333333333339
251	0.3673333333333336
252	0.34066666666666706
253	0.3540000000000003
254	0.34666666666666707
255	0.34133333333333377
256	0.33266666666666705
257	0.3513333333333336
258	0.32133333333333386
259	0.32066666666666716
260	0.3320000000000004
261	0.3140000000000004
262	0.3113333333333338
263	0.32800000000000046
264	0.3273333333333338
265	0.3240000000000004
266	0.32800000000000046
267	0.3660000000000002
268	0.33266666666666717
269	0.3086666666666672
270	0.31466666666666715
271	0.3380000000000004
272	0.3440000000000004
273	0.32133333333333386
274	0.3226666666666671
275	0.33200000000000035
276	0.2853333333333338
277	0.3473333333333337
278	0.3393333333333337
279	0.33400000000000035
280	0.3186666666666672
281	0.3320000000000004
282	0.32933333333333376
283	0.34733333333333377
284	0.3326666666666672
285	0.34000000000000047
286	0.35866666666666697
287	0.32866666666666716
288	0.33266666666666705
289	0.3633333333333336
290	0.33666666666666706
291	0.35066666666666707
292	0.33933333333333376
293	0.30666666666666714
294	0.3346666666666671
295	0.354666666666667
296	0.33600000000000035
297	0.3046666666666672
298	0.3213333333333338
299	0.3433333333333337
300	0.3346666666666671
301	0.33466666666666717
302	0.3166666666666672
303	0.3653333333333336
304	0.33933333333333376
305	0.3366666666666671
306	0.3193333333333338
307	0.3040000000000005
308	0.3413333333333337
309	0.3393333333333338
310	0.32400000000000045
311	0.36066666666666697
312	0.3313333333333338
313	0.33066666666666716
314	0.3220000000000005
315	0.35866666666666697
316	0.36733333333333357
317	0.33266666666666705
318	0.3313333333333338
319	0.3140000000000005
320	0.3326666666666671
321	0.3380000000000004
322	0.3226666666666671
323	0.34333333333333377
324	0.31600000000000045
325	0.31866666666666715
326	0.3133333333333338
327	0.32200000000000045
328	0.34533333333333377
329	0.34666666666666707
330	0.3133333333333338
331	0.3333333333333338
332	0.34066666666666706
333	0.3440000000000004
334	0.33000000000000046
335	0.35733333333333367
336	0.35533333333333367
337	0.3446666666666671
338	0.3480000000000004
339	0.33200000000000035
340	0.3420000000000004
341	0.3273333333333338
342	0.3400000000000004
343	0.3133333333333338
344	0.34333333333333377
345	0.350666666666667
346	0.34066666666666706
347	0.36400000000000027
348	0.32666666666666716
349	0.34733333333333366
350	0.33200000000000046
351	0.3180000000000005
352	0.33533333333333376
353	0.3320000000000004
354	0.3320000000000004
355	0.3233333333333338
356	0.33333333333333376
357	0.32266666666666716
358	0.3153333333333337
359	0.3246666666666671
360	0.34533333333333366
361	0.3373333333333338
362	0.3173333333333338
363	0.33933333333333376
364	0.3633333333333336
365	0.33400000000000046
366	0.3366666666666671
367	0.35000000000000037
368	0.3266666666666672
369	0.3273333333333338
370	0.3240000000000005
371	0.32466666666666716
372	0.3293333333333337
373	0.32000000000000056
374	0.3300000000000004
375	0.356666666666667
376	0.34200000000000047
377	0.3326666666666671
378	0.33266666666666717
379	0.3380000000000004
380	0.356666666666667
381	0.348666666666667
382	0.34933333333333366
383	0.338666666666667
384	0.3140000000000005
385	0.31733333333333386
386	0.3200000000000005
387	0.3440000000000004
388	0.3400000000000004
389	0.3420000000000004
390	0.3313333333333338
391	0.3633333333333336
392	0.3340000000000005
393	0.33400000000000046
394	0.3186666666666671
395	0.3226666666666671
396	0.34133333333333366
397	0.3440000000000004
398	0.3633333333333336
399	0.3446666666666671
400	0.32533333333333386
401	0.338666666666667
402	0.3480000000000004
403	0.3286666666666672
404	0.32600000000000046
405	0.3446666666666671
406	0.33533333333333376
407	0.3426666666666671
408	0.3580000000000003
409	0.3253333333333338
410	0.3113333333333339
411	0.3146666666666672
412	0.31666666666666715
413	0.3313333333333338
414	0.34400000000000036
415	0.346666666666667
416	0.33333333333333376
417	0.33200000000000046
418	0.3213333333333337
419	0.32400000000000045
420	0.3186666666666671
421	0.3386666666666671
422	0.3280000000000004
423	0.32533333333333375
424	0.3366666666666671
425	0.34533333333333377
426	0.354666666666667
427	0.3173333333333338
428	0.3160000000000005
429	0.3160000000000004
430	0.3353333333333338
431	0.33333333333333376
432	0.354666666666667
433	0.34333333333333377
434	0.31866666666666715
435	0.32733333333333386
436	0.3633333333333336
437	0.3480000000000004
438	0.3406666666666671
439	0.3000000000000005
440	0.3233333333333338
441	0.3126666666666671
442	0.30066666666666714
443	0.31933333333333386
444	0.3320000000000004
445	0.34533333333333366
446	0.33000000000000046
447	0.33066666666666716
448	0.34466666666666707
449	0.3200000000000005
450	0.3393333333333337
451	0.3286666666666671
452	0.34066666666666706
453	0.34266666666666706
454	0.30666666666666714
455	0.33200000000000046
456	0.3493333333333337
457	0.3126666666666671
458	0.33266666666666705
459	0.3453333333333338
460	0.3493333333333337
461	0.32533333333333386
462	0.3306666666666671
463	0.3306666666666672
464	0.3093333333333338
465	0.3460000000000004
466	0.33666666666666706
467	0.352666666666667
468	0.31866666666666715
469	0.32466666666666716
470	0.32866666666666716
471	0.32733333333333386
472	0.34666666666666707
473	0.3133333333333338
474	0.3333333333333338
475	0.3226666666666671
476	0.3273333333333338
477	0.3373333333333337
478	0.32400000000000045
479	0.32666666666666716
480	0.33133333333333376
481	0.33400000000000035
482	0.31266666666666715
483	0.2953333333333338
484	0.3473333333333337
485	0.3246666666666671
486	0.34066666666666706
487	0.3300000000000004
488	0.3153333333333338
489	0.30733333333333385
490	0.3500000000000004
491	0.3193333333333338
492	0.3273333333333338
493	0.3313333333333338
494	0.3306666666666671
495	0.354666666666667
496	0.35333333333333367
497	0.31666666666666715
498	0.35200000000000037
499	0.3240000000000004
500	0.31733333333333386
501	0.33800000000000047
502	0.3500000000000004
503	0.3673333333333336
504	0.33666666666666706
505	0.30533333333333385
506	0.3033333333333338
507	0.3560000000000002
508	0.3433333333333337
509	0.33800000000000047
510	0.3180000000000005
511	0.3466666666666671
512	0.3120000000000005
513	0.33133333333333376
514	0.3233333333333338
515	0.3400000000000004
516	0.34666666666666707
517	0.32533333333333386
518	0.32533333333333375
519	0.3146666666666671
520	0.3153333333333338
521	0.3340000000000004
522	0.36066666666666697
523	0.3173333333333338
524	0.3320000000000004
525	0.3580000000000003
526	0.340666666666667
527	0.3126666666666672
528	0.34066666666666706
529	0.3600000000000003
530	0.33066666666666716
531	0.3173333333333339
532	0.32466666666666716
533	0.3233333333333338
534	0.3313333333333338
535	0.3266666666666671
536	0.3480000000000004
537	0.31333333333333385
538	0.34400000000000036
539	0.32133333333333386
540	0.34866666666666707
541	0.3326666666666671
542	0.31866666666666715
543	0.3400000000000004
544	0.3366666666666671
545	0.31733333333333386
546	0.3146666666666672
547	0.3353333333333338
548	0.3346666666666671
549	0.3153333333333339
550	0.3226666666666672
551	0.3226666666666672
552	0.32333333333333386
553	0.3353333333333338
554	0.3733333333333336
555	0.3300000000000005
556	0.3373333333333338
557	0.33666666666666706
558	0.3266666666666671
559	0.3453333333333336
560	0.3180000000000005
561	0.32333333333333386
562	0.3153333333333338
563	0.3320000000000004
564	0.3280000000000005
565	0.31733333333333386
566	0.32866666666666716
567	0.3333333333333338
568	0.3386666666666671
569	0.31933333333333386
570	0.3340000000000004
571	0.33266666666666717
572	0.31666666666666715
573	0.3240000000000005
574	0.33666666666666706
575	0.33000000000000046
576	0.3426666666666671
577	0.30733333333333385
578	0.3386666666666671
579	0.33866666666666706
580	0.3213333333333338
581	0.32866666666666716
582	0.3620000000000003
583	0.3220000000000005
584	0.3333333333333338
585	0.3366666666666671
586	0.342666666666667
587	0.3473333333333337
588	0.3326666666666671
589	0.33733333333333376
590	0.30066666666666714
591	0.33600000000000035
592	0.3286666666666671
593	0.3313333333333338
594	0.3440000000000004
595	0.30733333333333385
596	0.3380000000000004
597	0.3020000000000005
598	0.3520000000000004
599	0.3326666666666671
600	0.3200000000000005
601	0.3333333333333337
602	0.3440000000000004
603	0.3520000000000004
604	0.3153333333333338
605	0.34333333333333366
606	0.3480000000000004
607	0.3393333333333338
608	0.36066666666666697
609	0.33266666666666705
610	0.33800000000000047
611	0.33000000000000046
612	0.3453333333333337
613	0.3413333333333336
614	0.33333333333333376
615	0.33133333333333387
616	0.3280000000000004
617	0.33000000000000046
618	0.3286666666666671
619	0.3066666666666671
620	0.3193333333333338
621	0.32600000000000046
622	0.3233333333333337
623	0.32933333333333376
624	0.29533333333333367
625	0.3340000000000005
626	0.3580000000000003
627	0.3513333333333337
628	0.34266666666666706
629	0.3220000000000005
630	0.33533333333333376
631	0.31866666666666715
632	0.31400000000000045
633	0.3206666666666672
634	0.34333333333333377
635	0.30933333333333385
636	0.3366666666666671
637	0.31400000000000045
638	0.3146666666666672
639	0.3293333333333338
640	0.3440000000000004
641	0.3533333333333337
642	0.3220000000000005
643	0.3066666666666672
644	0.3246666666666671
645	0.3513333333333337
646	0.3433333333333337
647	0.35933333333333367
648	0.3260000000000005
649	0.3533333333333337
650	0.3093333333333339
651	0.3326666666666671
652	0.33933333333333376
653	0.33000000000000046
654	0.3213333333333338
655	0.3366666666666671
656	0.33333333333333376
657	0.3166666666666671
658	0.34533333333333377
659	0.32666666666666716
660	0.3186666666666672
661	0.33933333333333376
662	0.35333333333333367
663	0.3653333333333336
664	0.3100000000000005
665	0.3220000000000004
666	0.3413333333333337
667	0.3313333333333337
668	0.32000000000000045
669	0.33066666666666716
670	0.3266666666666671
671	0.3246666666666672
672	0.34800000000000036
673	0.33733333333333376
674	0.3046666666666672
675	0.3440000000000004
676	0.32866666666666716
677	0.3140000000000005
678	0.3333333333333337
679	0.3373333333333337
680	0.3106666666666671
681	0.33600000000000046
682	0.3220000000000005
683	0.3213333333333338
684	0.33600000000000046
685	0.3160000000000005
686	0.34666666666666707
687	0.32666666666666716
688	0.33933333333333376
689	0.3266666666666671
690	0.3240000000000005
691	0.32466666666666716
692	0.34266666666666706
693	0.33266666666666705
694	0.3440000000000004
695	0.3113333333333338
696	0.3233333333333339
697	0.3346666666666671
698	0.3300000000000005
699	0.32800000000000046
700	0.3353333333333337
701	0.3240000000000005
702	0.3206666666666671
703	0.3453333333333337
704	0.35066666666666707
705	0.34333333333333377
706	0.3273333333333338
707	0.32333333333333386
708	0.3400000000000004
709	0.33400000000000046
710	0.30933333333333385
711	0.3200000000000005
712	0.3660000000000003
713	0.3246666666666672
714	0.3246666666666671
715	0.31933333333333386
716	0.3306666666666671
717	0.35666666666666696
718	0.33133333333333376
719	0.31733333333333386
720	0.3513333333333337
721	0.3200000000000005
722	0.3280000000000004
723	0.3226666666666672
724	0.334666666666667
725	0.32266666666666705
726	0.3220000000000005
727	0.3453333333333337
728	0.3453333333333337
729	0.3300000000000005
730	0.3346666666666671
731	0.31666666666666715
732	0.3380000000000005
733	0.3033333333333338
734	0.3513333333333336
735	0.3153333333333337
736	0.3340000000000004
737	0.3273333333333338
738	0.33200000000000046
739	0.3280000000000005
740	0.3340000000000004
741	0.32666666666666716
742	0.33066666666666705
743	0.3226666666666671
744	0.31933333333333386
745	0.3400000000000004
746	0.3293333333333338
747	0.3460000000000004
748	0.32666666666666716
749	0.3173333333333338
750	0.3340000000000004
751	0.33866666666666706
752	0.33800000000000036
753	0.33133333333333387
754	0.3393333333333336
755	0.31533333333333385
756	0.3400000000000004
757	0.32600000000000046
758	0.34333333333333377
759	0.34800000000000036
760	0.3266666666666671
761	0.3233333333333338
762	0.32800000000000046
763	0.30600000000000044
764	0.3080000000000005
765	0.32666666666666716
766	0.3580000000000003
767	0.3753333333333335
768	0.3140000000000004
769	0.3513333333333337
770	0.33400000000000046
771	0.3266666666666672
772	0.3293333333333337
773	0.33066666666666705
774	0.3306666666666671
775	0.33400000000000046
776	0.35466666666666696
777	0.33733333333333376
778	0.33133333333333376
779	0.32600000000000046
780	0.31333333333333374
781	0.3346666666666671
782	0.3400000000000004
783	0.3153333333333337
784	0.35000000000000037
785	0.33400000000000046
786	0.3220000000000005
787	0.3373333333333338
788	0.33000000000000046
789	0.3033333333333338
790	0.3253333333333338
791	0.32666666666666705
792	0.33933333333333376
793	0.3526666666666669
794	0.33466666666666706
795	0.3126666666666671
796	0.34000000000000036
797	0.30933333333333385
798	0.32266666666666716
799	0.3286666666666671
800	0.3593333333333336
801	0.34133333333333366
802	0.3400000000000004
803	0.3300000000000004
804	0.32266666666666716
805	0.3260000000000004
806	0.32133333333333386
807	0.3193333333333338
808	0.3380000000000004
809	0.3326666666666671
810	0.30600000000000044
811	0.33733333333333376
812	0.32600000000000046
813	0.3280000000000005
814	0.3373333333333337
815	0.3180000000000004
816	0.33000000000000046
817	0.31733333333333386
818	0.3240000000000005
819	0.30333333333333384
820	0.33466666666666706
821	0.3613333333333336
822	0.3700000000000002
823	0.33333333333333376
824	0.33933333333333376
825	0.32066666666666716
826	0.3353333333333338
827	0.34266666666666695
828	0.3206666666666672
829	0.34800000000000036
830	0.3580000000000003
831	0.32133333333333386
832	0.32666666666666716
833	0.33066666666666716
834	0.32533333333333375
835	0.3440000000000004
836	0.356666666666667
837	0.36800000000000027
838	0.33800000000000047
839	0.32266666666666716
840	0.32200000000000045
841	0.33933333333333376
842	0.34933333333333366
843	0.30600000000000055
844	0.3440000000000004
845	0.32733333333333375
846	0.3386666666666671
847	0.32800000000000035
848	0.32400000000000045
849	0.354666666666667
850	0.3366666666666671
851	0.3506666666666669
852	0.3460000000000004
853	0.3240000000000005
854	0.32933333333333387
855	0.33466666666666717
856	0.33400000000000046
857	0.32200000000000045
858	0.3293333333333338
859	0.31400000000000056
860	0.3373333333333338
861	0.35400000000000037
862	0.3473333333333337
863	0.3333333333333338
864	0.34866666666666707
865	0.3493333333333337
866	0.33600000000000046
867	0.3240000000000005
868	0.30800000000000044
869	0.34266666666666706
870	0.33533333333333376
871	0.31133333333333385
872	0.33200000000000046
873	0.31533333333333385
874	0.33066666666666716
875	0.3460000000000004
876	0.3493333333333337
877	0.3140000000000005
878	0.3273333333333337
879	0.348666666666667
880	0.3420000000000004
881	0.334666666666667
882	0.33200000000000046
883	0.3240000000000005
884	0.31133333333333385
885	0.32600000000000046
886	0.3253333333333338
887	0.3286666666666671
888	0.32933333333333376
889	0.3373333333333338
890	0.33133333333333376
891	0.32133333333333375
892	0.32533333333333386
893	0.3153333333333338
894	0.33600000000000046
895	0.3133333333333338
896	0.3233333333333338
897	0.32866666666666716
898	0.31800000000000045
899	0.31466666666666704
900	0.3246666666666671
901	0.34266666666666706
902	0.3140000000000005
903	0.31800000000000056
904	0.3373333333333337
905	0.35333333333333367
906	0.33800000000000047
907	0.33600000000000046
908	0.3473333333333337
909	0.3240000000000005
910	0.3160000000000006
911	0.33733333333333376
912	0.3146666666666672
913	0.33666666666666717
914	0.3440000000000004
915	0.3273333333333338
916	0.34200000000000047
917	0.33266666666666717
918	0.33533333333333376
919	0.3213333333333338
920	0.32800000000000046
921	0.34133333333333377
922	0.3240000000000004
923	0.3280000000000005
924	0.3293333333333338
925	0.3193333333333338
926	0.3126666666666672
927	0.35200000000000037
928	0.3386666666666671
929	0.33400000000000046
930	0.3313333333333338
931	0.3220000000000004
932	0.34266666666666706
933	0.3500000000000004
934	0.3320000000000005
935	0.35133333333333366
936	0.31000000000000055
937	0.3220000000000005
938	0.32866666666666716
939	0.3400000000000004
940	0.3386666666666671
941	0.3493333333333337
942	0.3373333333333337
943	0.3280000000000004
944	0.34266666666666706
945	0.3380000000000004
946	0.3393333333333337
947	0.3393333333333337
948	0.3580000000000003
949	0.3400000000000004
950	0.33733333333333376
951	0.3333333333333338
952	0.3260000000000005
953	0.3286666666666672
954	0.3346666666666671
955	0.3533333333333337
956	0.3360000000000004
957	0.32333333333333386
958	0.31866666666666715
959	0.3246666666666671
960	0.3340000000000005
961	0.33533333333333376
962	0.354666666666667
963	0.3473333333333337
964	0.3453333333333337
965	0.3473333333333337
966	0.3406666666666671
967	0.3140000000000004
968	0.3440000000000004
969	0.3280000000000004
970	0.3306666666666671
971	0.3293333333333338
972	0.3113333333333338
973	0.3166666666666672
974	0.3380000000000004
975	0.34266666666666706
976	0.3193333333333338
977	0.29800000000000043
978	0.3333333333333338
979	0.3353333333333338
980	0.3366666666666671
981	0.33066666666666716
982	0.33133333333333376
983	0.3353333333333338
984	0.3260000000000004
985	0.3166666666666671
986	0.3246666666666672
987	0.3640000000000003
988	0.3346666666666671
989	0.3380000000000004
990	0.3626666666666669
991	0.3260000000000005
992	0.34000000000000036
993	0.3653333333333336
994	0.3333333333333338
995	0.34066666666666706
996	0.3320000000000005
997	0.33066666666666716
998	0.32266666666666716
999	0.3520000000000003
1000	0.2986666666666672
1001	0.3320000000000005
1002	0.3160000000000005
1003	0.3286666666666671
1004	0.3180000000000004
1005	0.3493333333333337
1006	0.3486666666666671
1007	0.350666666666667
1008	0.3320000000000004
1009	0.3426666666666671
1010	0.31666666666666715
1011	0.3260000000000005
1012	0.33333333333333376
1013	0.32800000000000046
1014	0.31400000000000056
1015	0.3220000000000003
1016	0.3560000000000003
1017	0.33200000000000046
1018	0.36066666666666697
1019	0.3306666666666671
1020	0.3453333333333337
1021	0.33333333333333376
1022	0.35200000000000037
1023	0.31533333333333385
1024	0.32533333333333375
1025	0.3246666666666672
1026	0.3440000000000004
1027	0.35200000000000037
1028	0.348666666666667
1029	0.3333333333333338
1030	0.3306666666666671
1031	0.33200000000000046
1032	0.3306666666666671
1033	0.31666666666666704
1034	0.3280000000000005
1035	0.29866666666666714
1036	0.3066666666666671
1037	0.31533333333333385
1038	0.3320000000000005
1039	0.3380000000000004
1040	0.3333333333333338
1041	0.34133333333333377
1042	0.32933333333333376
1043	0.34133333333333377
1044	0.3313333333333338
1045	0.3293333333333338
1046	0.3213333333333338
1047	0.3193333333333338
1048	0.3373333333333338
1049	0.29466666666666713
1050	0.31733333333333386
1051	0.3206666666666672
1052	0.344666666666667
1053	0.30866666666666726
1054	0.3433333333333337
1055	0.3273333333333338
1056	0.3453333333333337
1057	0.3293333333333338
1058	0.3280000000000004
1059	0.3413333333333337
1060	0.33066666666666716
1061	0.3146666666666672
1062	0.3266666666666672
1063	0.3360000000000004
1064	0.3206666666666671
1065	0.3213333333333338
1066	0.3373333333333338
1067	0.3046666666666671
1068	0.3220000000000005
1069	0.3326666666666671
1070	0.32533333333333386
1071	0.32666666666666716
1072	0.3386666666666671
1073	0.31066666666666715
1074	0.34933333333333366
1075	0.3333333333333338
1076	0.3306666666666671
1077	0.33133333333333376
1078	0.3473333333333337
1079	0.31000000000000044
1080	0.3313333333333338
1081	0.3500000000000003
1082	0.3300000000000003
1083	0.3560000000000003
1084	0.33400000000000046
1085	0.33800000000000047
1086	0.3006666666666672
1087	0.3280000000000004
1088	0.32933333333333376
1089	0.3186666666666671
1090	0.3293333333333338
1091	0.31066666666666715
1092	0.348666666666667
1093	0.34933333333333366
1094	0.34333333333333377
1095	0.3606666666666669
1096	0.3366666666666671
1097	0.33466666666666706
1098	0.32800000000000046
1099	0.340666666666667
1100	0.33200000000000046
1101	0.3213333333333338
1102	0.30533333333333385
1103	0.3306666666666672
1104	0.3493333333333337
1105	0.33733333333333365
1106	0.3153333333333338
1107	0.3273333333333337
1108	0.3340000000000004
1109	0.33400000000000046
1110	0.32200000000000045
1111	0.3366666666666671
1112	0.3433333333333337
1113	0.3146666666666671
1114	0.31133333333333385
1115	0.3186666666666672
1116	0.3226666666666672
1117	0.3260000000000005
1118	0.33200000000000046
1119	0.31266666666666715
1120	0.3233333333333338
1121	0.3293333333333338
1122	0.3306666666666671
1123	0.3326666666666671
1124	0.3286666666666672
1125	0.3226666666666672
1126	0.34666666666666707
1127	0.34200000000000047
1128	0.3520000000000003
1129	0.3380000000000004
1130	0.3326666666666671
1131	0.3153333333333339
1132	0.3453333333333337
1133	0.3466666666666671
1134	0.33733333333333376
1135	0.3426666666666671
1136	0.3266666666666672
1137	0.32800000000000046
1138	0.2980000000000005
1139	0.3280000000000004
1140	0.33733333333333376
1141	0.3400000000000004
1142	0.3460000000000004
1143	0.354666666666667
1144	0.340666666666667
1145	0.3366666666666671
1146	0.33333333333333376
1147	0.3213333333333338
1148	0.3220000000000005
1149	0.3306666666666671
1150	0.34066666666666706
1151	0.3320000000000005
1152	0.31200000000000044
1153	0.33266666666666717
1154	0.3326666666666671
1155	0.3126666666666671
1156	0.3313333333333338
1157	0.3166666666666671
1158	0.3213333333333338
1159	0.33466666666666717
1160	0.31666666666666715
1161	0.3400000000000004
1162	0.3333333333333338
1163	0.33600000000000046
1164	0.31866666666666715
1165	0.3433333333333337
1166	0.34466666666666707
1167	0.35866666666666697
1168	0.3526666666666671
1169	0.3193333333333338
1170	0.35866666666666697
1171	0.32000000000000056
1172	0.32733333333333386
1173	0.3326666666666671
1174	0.3593333333333336
1175	0.3353333333333338
1176	0.3146666666666672
1177	0.3226666666666671
1178	0.3173333333333338
1179	0.3166666666666672
1180	0.3373333333333337
1181	0.3246666666666671
1182	0.3373333333333338
1183	0.33800000000000047
1184	0.34800000000000036
1185	0.3400000000000004
1186	0.3093333333333339
1187	0.31933333333333386
1188	0.3393333333333337
1189	0.3260000000000005
1190	0.3353333333333338
1191	0.3046666666666672
1192	0.34533333333333377
1193	0.3240000000000004
1194	0.3346666666666671
1195	0.3173333333333338
1196	0.33200000000000046
1197	0.32133333333333375
1198	0.3720000000000002
1199	0.3480000000000004
1200	0.3313333333333338
1201	0.3353333333333337
1202	0.32600000000000046
1203	0.34466666666666707
1204	0.30200000000000055
1205	0.338666666666667
1206	0.31266666666666704
1207	0.3173333333333338
1208	0.3160000000000005
1209	0.3140000000000005
1210	0.3400000000000004
1211	0.3473333333333337
1212	0.34133333333333377
1213	0.338666666666667
1214	0.3600000000000003
1215	0.32400000000000045
1216	0.32066666666666716
1217	0.3400000000000004
1218	0.3186666666666671
1219	0.33733333333333376
1220	0.3233333333333338
1221	0.34533333333333377
1222	0.35333333333333367
1223	0.32333333333333386
1224	0.32266666666666716
1225	0.3000000000000005
1226	0.33533333333333376
1227	0.3226666666666671
1228	0.348666666666667
1229	0.3553333333333337
1230	0.3200000000000004
1231	0.3266666666666671
1232	0.35466666666666696
1233	0.3420000000000004
1234	0.30800000000000044
1235	0.3373333333333338
1236	0.3346666666666671
1237	0.3160000000000005
1238	0.3226666666666671
1239	0.3186666666666672
1240	0.3293333333333338
1241	0.3120000000000005
1242	0.346666666666667
1243	0.3200000000000005
1244	0.33733333333333376
1245	0.3293333333333338
1246	0.36066666666666697
1247	0.33866666666666706
1248	0.35600000000000037
1249	0.3460000000000004
1250	0.36266666666666697
1251	0.32933333333333387
1252	0.3206666666666671
1253	0.346666666666667
1254	0.32600000000000046
1255	0.3246666666666672
1256	0.3453333333333337
1257	0.3313333333333338
1258	0.33333333333333376
1259	0.3286666666666671
1260	0.33733333333333376
1261	0.3400000000000004
1262	0.32200000000000045
1263	0.3433333333333337
1264	0.3173333333333339
1265	0.3173333333333338
1266	0.33866666666666717
1267	0.34733333333333366
1268	0.3340000000000005
1269	0.33600000000000046
1270	0.32666666666666716
1271	0.350666666666667
1272	0.34466666666666707
1273	0.340666666666667
1274	0.32333333333333375
1275	0.32466666666666716
1276	0.3373333333333337
1277	0.34666666666666696
1278	0.33066666666666705
1279	0.32800000000000046
1280	0.3160000000000005
1281	0.3280000000000005
1282	0.31266666666666704
1283	0.34333333333333377
1284	0.33400000000000035
1285	0.34800000000000036
1286	0.3340000000000005
1287	0.3440000000000004
1288	0.3340000000000004
1289	0.34800000000000036
1290	0.3226666666666671
1291	0.33666666666666717
1292	0.3466666666666671
1293	0.3620000000000003
1294	0.32866666666666716
1295	0.3253333333333338
1296	0.3193333333333338
1297	0.3213333333333338
1298	0.33000000000000046
1299	0.3520000000000003
1300	0.3353333333333338
1301	0.35200000000000037
1302	0.3386666666666671
1303	0.3193333333333338
1304	0.3360000000000004
1305	0.3366666666666671
1306	0.3220000000000005
1307	0.33066666666666716
1308	0.33200000000000046
1309	0.3433333333333337
1310	0.3346666666666671
1311	0.3346666666666671
1312	0.3326666666666671
1313	0.33400000000000046
1314	0.32666666666666716
1315	0.33266666666666705
1316	0.3420000000000004
1317	0.3473333333333337
1318	0.33533333333333376
1319	0.3213333333333338
1320	0.32133333333333386
1321	0.3493333333333337
1322	0.354666666666667
1323	0.3333333333333337
1324	0.3206666666666671
1325	0.3173333333333338
1326	0.33400000000000046
1327	0.352666666666667
1328	0.32000000000000045
1329	0.32800000000000046
1330	0.32000000000000045
1331	0.31200000000000044
1332	0.33000000000000046
1333	0.34133333333333377
1334	0.3400000000000004
1335	0.3080000000000004
1336	0.32400000000000045
1337	0.32400000000000045
1338	0.34133333333333377
1339	0.3306666666666671
1340	0.31800000000000056
1341	0.3066666666666672
1342	0.3220000000000005
1343	0.3040000000000005
1344	0.34266666666666706
1345	0.3293333333333338
1346	0.3313333333333338
1347	0.3593333333333336
1348	0.35200000000000037
1349	0.3080000000000005
1350	0.348666666666667
1351	0.3420000000000004
1352	0.34066666666666706
1353	0.31266666666666715
1354	0.32666666666666716
1355	0.32333333333333386
1356	0.33800000000000036
1357	0.33466666666666717
1358	0.354666666666667
1359	0.3100000000000004
1360	0.3253333333333338
1361	0.31866666666666715
1362	0.3193333333333339
1363	0.3246666666666672
1364	0.36066666666666697
1365	0.34666666666666707
1366	0.31866666666666715
1367	0.3533333333333337
1368	0.3380000000000004
1369	0.3333333333333337
1370	0.3366666666666671
1371	0.31266666666666715
1372	0.3406666666666671
1373	0.35466666666666696
1374	0.3313333333333338
1375	0.3766666666666668
1376	0.3153333333333338
1377	0.34866666666666707
1378	0.31400000000000045
1379	0.35533333333333367
1380	0.3353333333333337
1381	0.32333333333333386
1382	0.3080000000000005
1383	0.3346666666666671
1384	0.32600000000000046
1385	0.3473333333333337
1386	0.3113333333333338
1387	0.3560000000000003
1388	0.3313333333333338
1389	0.3460000000000004
1390	0.3460000000000004
1391	0.3313333333333338
1392	0.34600000000000036
1393	0.3100000000000006
1394	0.34133333333333377
1395	0.3533333333333336
1396	0.33733333333333376
1397	0.3453333333333337
1398	0.3593333333333336
1399	0.3326666666666671
1400	0.3160000000000005
1401	0.3346666666666671
1402	0.3340000000000004
1403	0.3326666666666671
1404	0.33133333333333376
1405	0.33266666666666705
1406	0.3193333333333337
1407	0.3146666666666672
1408	0.3213333333333338
1409	0.3326666666666671
1410	0.3206666666666672
1411	0.3426666666666671
1412	0.32933333333333376
1413	0.3400000000000004
1414	0.3226666666666672
1415	0.3426666666666671
1416	0.3106666666666672
1417	0.31266666666666715
1418	0.3213333333333338
1419	0.33533333333333376
1420	0.3393333333333338
1421	0.3433333333333337
1422	0.3386666666666671
1423	0.3173333333333338
1424	0.3246666666666671
1425	0.3360000000000004
1426	0.3593333333333336
1427	0.3313333333333337
1428	0.3306666666666671
1429	0.3273333333333338
1430	0.3200000000000005
1431	0.3220000000000004
1432	0.3366666666666671
1433	0.3406666666666671
1434	0.3286666666666671
1435	0.3306666666666671
1436	0.3420000000000004
1437	0.3553333333333337
1438	0.3493333333333337
1439	0.3453333333333337
1440	0.3333333333333338
1441	0.33600000000000035
1442	0.3386666666666671
1443	0.3293333333333338
1444	0.3213333333333338
1445	0.3213333333333338
1446	0.3080000000000005
1447	0.31666666666666704
1448	0.3193333333333338
1449	0.3193333333333338
1450	0.3473333333333337
1451	0.3300000000000004
1452	0.33000000000000046
1453	0.3420000000000004
1454	0.3313333333333337
1455	0.31933333333333375
1456	0.3120000000000005
1457	0.33600000000000046
1458	0.33466666666666706
1459	0.3126666666666672
1460	0.3120000000000005
1461	0.35066666666666707
1462	0.3273333333333338
1463	0.33066666666666716
1464	0.3166666666666671
1465	0.3273333333333338
1466	0.34266666666666706
1467	0.3406666666666671
1468	0.3286666666666671
1469	0.33600000000000046
1470	0.3473333333333337
1471	0.33000000000000046
1472	0.3400000000000004
1473	0.3306666666666671
1474	0.354666666666667
1475	0.33400000000000046
1476	0.3380000000000004
1477	0.34800000000000036
1478	0.33400000000000046
1479	0.30933333333333385
1480	0.31600000000000056
1481	0.33600000000000046
1482	0.3233333333333338
1483	0.3133333333333338
1484	0.3266666666666671
1485	0.3160000000000005
1486	0.3333333333333337
1487	0.3186666666666672
1488	0.3406666666666671
1489	0.3553333333333337
1490	0.3280000000000005
1491	0.356666666666667
1492	0.3300000000000004
1493	0.3340000000000004
1494	0.3520000000000004
1495	0.3246666666666671
1496	0.3453333333333336
1497	0.3333333333333337
1498	0.3306666666666671
1499	0.33666666666666706
1500	0.3173333333333338
1501	0.33800000000000047
1502	0.3000000000000005
1503	0.3480000000000004
1504	0.34133333333333377
1505	0.33333333333333376
1506	0.3240000000000005
1507	0.3240000000000004
1508	0.34200000000000036
1509	0.3300000000000005
1510	0.3226666666666671
1511	0.3386666666666671
1512	0.31133333333333385
1513	0.33933333333333376
1514	0.3206666666666671
1515	0.3500000000000003
1516	0.3366666666666671
1517	0.35933333333333367
1518	0.3140000000000005
1519	0.342666666666667
1520	0.3560000000000003
1521	0.3513333333333337
1522	0.33533333333333376
1523	0.3153333333333338
1524	0.34000000000000047
1525	0.3380000000000004
1526	0.32133333333333386
1527	0.33200000000000046
1528	0.3420000000000004
1529	0.3200000000000005
1530	0.30600000000000044
1531	0.33866666666666706
1532	0.3160000000000005
1533	0.3040000000000005
1534	0.34400000000000036
1535	0.3126666666666671
1536	0.3406666666666671
1537	0.3286666666666671
1538	0.35533333333333367
1539	0.3453333333333337
1540	0.34866666666666707
1541	0.3313333333333338
1542	0.33333333333333376
1543	0.3240000000000005
1544	0.3533333333333337
1545	0.33000000000000046
1546	0.33733333333333376
1547	0.3206666666666671
1548	0.3293333333333338
1549	0.30866666666666714
1550	0.33200000000000046
1551	0.3273333333333338
1552	0.3226666666666671
1553	0.3326666666666671
1554	0.32666666666666705
1555	0.3406666666666671
1556	0.3346666666666671
1557	0.3193333333333339
1558	0.3673333333333336
1559	0.3226666666666672
1560	0.3266666666666671
1561	0.3493333333333337
1562	0.3133333333333338
1563	0.32866666666666716
1564	0.3440000000000004
1565	0.31800000000000045
1566	0.34066666666666706
1567	0.3360000000000005
1568	0.33933333333333376
1569	0.33933333333333376
1570	0.3473333333333337
1571	0.3386666666666671
1572	0.3353333333333338
1573	0.35400000000000037
1574	0.3206666666666672
1575	0.3406666666666671
1576	0.3393333333333337
1577	0.3313333333333338
1578	0.3333333333333338
1579	0.30333333333333384
1580	0.30733333333333385
1581	0.3526666666666671
1582	0.346666666666667
1583	0.3146666666666672
1584	0.3500000000000004
1585	0.3153333333333338
1586	0.33933333333333376
1587	0.3186666666666672
1588	0.32066666666666716
1589	0.3433333333333337
1590	0.3300000000000005
1591	0.3100000000000005
1592	0.3480000000000004
1593	0.3246666666666671
1594	0.3086666666666672
1595	0.34533333333333377
1596	0.32866666666666705
1597	0.3333333333333338
1598	0.3593333333333336
1599	0.3360000000000004
1600	0.3060000000000005
1601	0.32666666666666705
1602	0.3326666666666671
1603	0.3306666666666671
1604	0.32200000000000045
1605	0.3180000000000005
1606	0.3286666666666672
1607	0.3060000000000005
1608	0.3300000000000004
1609	0.3266666666666671
1610	0.34733333333333366
1611	0.3300000000000003
1612	0.3293333333333338
1613	0.33933333333333376
1614	0.3400000000000004
1615	0.3293333333333337
1616	0.33200000000000046
1617	0.32533333333333375
1618	0.3260000000000005
1619	0.3193333333333338
1620	0.3260000000000005
1621	0.33600000000000046
1622	0.3253333333333338
1623	0.3400000000000004
1624	0.356666666666667
1625	0.3266666666666671
1626	0.3553333333333337
1627	0.33133333333333376
1628	0.3253333333333338
1629	0.3246666666666672
1630	0.3113333333333338
1631	0.3213333333333338
1632	0.3353333333333337
1633	0.3280000000000004
1634	0.3240000000000004
1635	0.350666666666667
1636	0.33733333333333376
1637	0.3253333333333338
1638	0.33400000000000046
1639	0.34400000000000036
1640	0.33666666666666706
1641	0.33666666666666706
1642	0.3340000000000004
1643	0.32800000000000046
1644	0.32733333333333375
1645	0.3013333333333338
1646	0.3373333333333337
1647	0.32866666666666716
1648	0.34333333333333377
1649	0.3453333333333337
1650	0.3220000000000005
1651	0.32266666666666716
1652	0.33733333333333376
1653	0.3420000000000004
1654	0.3246666666666671
1655	0.32666666666666716
1656	0.33133333333333387
1657	0.34466666666666707
1658	0.32333333333333386
1659	0.3380000000000004
1660	0.356666666666667
1661	0.3300000000000005
1662	0.31933333333333375
1663	0.3260000000000005
1664	0.30800000000000055
1665	0.3173333333333338
1666	0.3253333333333338
1667	0.3593333333333336
1668	0.3273333333333338
1669	0.3186666666666671
1670	0.3266666666666671
1671	0.33200000000000046
1672	0.3233333333333338
1673	0.34066666666666706
1674	0.3246666666666671
1675	0.3200000000000005
1676	0.33400000000000046
1677	0.3620000000000003
1678	0.3480000000000004
1679	0.3513333333333337
1680	0.34666666666666707
1681	0.3220000000000005
1682	0.32200000000000045
1683	0.3166666666666672
1684	0.3440000000000004
1685	0.34466666666666707
1686	0.34000000000000047
1687	0.3513333333333337
1688	0.3613333333333337
1689	0.3200000000000005
1690	0.3320000000000005
1691	0.33266666666666705
1692	0.3200000000000005
1693	0.32600000000000046
1694	0.33733333333333376
1695	0.33533333333333376
1696	0.3166666666666671
1697	0.30666666666666714
1698	0.3293333333333338
1699	0.32733333333333375
1700	0.32600000000000046
1701	0.3220000000000005
1702	0.3140000000000005
1703	0.3286666666666671
1704	0.33466666666666717
1705	0.3413333333333337
1706	0.3266666666666671
1707	0.3153333333333338
1708	0.3053333333333338
1709	0.3420000000000004
1710	0.3133333333333338
1711	0.3486666666666671
1712	0.3333333333333338
1713	0.3253333333333338
1714	0.34800000000000036
1715	0.30333333333333384
1716	0.33200000000000046
1717	0.3293333333333338
1718	0.3246666666666671
1719	0.3366666666666671
1720	0.34266666666666706
1721	0.32533333333333375
1722	0.33733333333333376
1723	0.31800000000000056
1724	0.31733333333333386
1725	0.3573333333333336
1726	0.3400000000000004
1727	0.3580000000000003
1728	0.30666666666666703
1729	0.34400000000000047
1730	0.35933333333333367
1731	0.34133333333333377
1732	0.32200000000000056
1733	0.32866666666666716
1734	0.3386666666666671
1735	0.3166666666666672
1736	0.3153333333333338
1737	0.32400000000000045
1738	0.3246666666666671
1739	0.31400000000000045
1740	0.32533333333333375
1741	0.34266666666666706
1742	0.31000000000000044
1743	0.3360000000000004
1744	0.31866666666666715
1745	0.32333333333333386
1746	0.3333333333333338
1747	0.31666666666666715
1748	0.3440000000000004
1749	0.32600000000000046
1750	0.34066666666666706
1751	0.3246666666666671
1752	0.32400000000000045
1753	0.32666666666666716
1754	0.3240000000000005
1755	0.33000000000000046
1756	0.3240000000000005
1757	0.31866666666666715
1758	0.34200000000000047
1759	0.33400000000000046
1760	0.33800000000000047
1761	0.3393333333333338
1762	0.32533333333333386
1763	0.33133333333333376
1764	0.33000000000000046
1765	0.3200000000000004
1766	0.3286666666666671
1767	0.3660000000000003
1768	0.3273333333333338
1769	0.3206666666666672
1770	0.352666666666667
1771	0.3360000000000004
1772	0.3346666666666671
1773	0.3220000000000005
1774	0.3326666666666671
1775	0.3200000000000004
1776	0.31666666666666715
1777	0.32800000000000046
1778	0.3400000000000004
1779	0.32133333333333386
1780	0.35733333333333367
1781	0.32933333333333376
1782	0.3066666666666672
1783	0.3346666666666671
1784	0.33400000000000035
1785	0.3306666666666671
1786	0.33933333333333376
1787	0.3233333333333338
1788	0.3180000000000005
1789	0.3313333333333338
1790	0.33333333333333376
1791	0.3360000000000004
1792	0.3260000000000005
1793	0.30466666666666714
1794	0.3440000000000004
1795	0.34066666666666695
1796	0.32133333333333386
1797	0.3186666666666672
1798	0.34866666666666707
1799	0.3026666666666672
1800	0.30466666666666725
1801	0.3166666666666672
1802	0.32400000000000045
1803	0.3573333333333337
1804	0.3266666666666672
1805	0.33533333333333376
1806	0.3520000000000003
1807	0.3293333333333338
1808	0.31466666666666715
1809	0.3373333333333337
1810	0.32933333333333376
1811	0.33200000000000046
1812	0.30333333333333384
1813	0.35000000000000037
1814	0.3160000000000005
1815	0.3473333333333337
1816	0.3300000000000004
1817	0.3166666666666672
1818	0.352666666666667
1819	0.34000000000000047
1820	0.3493333333333337
1821	0.3280000000000005
1822	0.3520000000000003
1823	0.3373333333333337
1824	0.32666666666666716
1825	0.33266666666666705
1826	0.3246666666666671
1827	0.348666666666667
1828	0.32800000000000046
1829	0.33466666666666706
1830	0.34200000000000047
1831	0.3560000000000003
1832	0.3620000000000003
1833	0.3493333333333337
1834	0.34333333333333377
1835	0.3193333333333338
1836	0.3266666666666671
1837	0.3346666666666671
1838	0.34866666666666707
1839	0.3360000000000004
1840	0.3333333333333338
1841	0.3366666666666671
1842	0.35533333333333367
1843	0.3480000000000004
1844	0.3293333333333338
1845	0.3440000000000004
1846	0.3340000000000005
1847	0.344666666666667
1848	0.3086666666666672
1849	0.3233333333333338
1850	0.346666666666667
1851	0.3320000000000005
1852	0.3200000000000004
1853	0.344666666666667
1854	0.32266666666666716
1855	0.3400000000000004
1856	0.3446666666666671
1857	0.35066666666666707
1858	0.33666666666666706
1859	0.3193333333333338
1860	0.3100000000000005
1861	0.33200000000000046
1862	0.30866666666666714
1863	0.3213333333333338
1864	0.3460000000000004
1865	0.3373333333333338
1866	0.3246666666666672
1867	0.35333333333333367
1868	0.3246666666666671
1869	0.3373333333333338
1870	0.30933333333333385
1871	0.3020000000000005
1872	0.3480000000000004
1873	0.3160000000000004
1874	0.31800000000000034
1875	0.31733333333333386
1876	0.33600000000000046
1877	0.32133333333333386
1878	0.3146666666666672
1879	0.30933333333333374
1880	0.354666666666667
1881	0.3380000000000004
1882	0.3286666666666671
1883	0.3286666666666671
1884	0.31733333333333374
1885	0.31133333333333374
1886	0.3526666666666671
1887	0.34133333333333377
1888	0.3346666666666671
1889	0.3386666666666671
1890	0.3233333333333338
1891	0.3120000000000005
1892	0.33266666666666705
1893	0.3433333333333337
1894	0.3380000000000004
1895	0.3226666666666672
1896	0.34200000000000047
1897	0.3340000000000004
1898	0.33200000000000046
1899	0.3386666666666671
1900	0.3273333333333338
1901	0.3286666666666671
1902	0.33600000000000046
1903	0.3193333333333338
1904	0.3466666666666671
1905	0.3460000000000004
1906	0.340666666666667
1907	0.354666666666667
1908	0.3326666666666671
1909	0.33400000000000046
1910	0.35066666666666696
1911	0.3406666666666671
1912	0.3513333333333337
1913	0.31066666666666715
1914	0.3253333333333338
1915	0.35733333333333367
1916	0.3233333333333338
1917	0.3400000000000004
1918	0.35333333333333367
1919	0.334666666666667
1920	0.3093333333333338
1921	0.3360000000000004
1922	0.3513333333333337
1923	0.31333333333333385
1924	0.354666666666667
1925	0.34066666666666706
1926	0.3313333333333337
1927	0.3320000000000005
1928	0.32800000000000046
1929	0.35066666666666707
1930	0.3193333333333338
1931	0.3346666666666671
1932	0.3280000000000005
1933	0.3246666666666672
1934	0.3320000000000005
1935	0.34333333333333377
1936	0.3326666666666671
1937	0.3373333333333337
1938	0.33000000000000046
1939	0.32733333333333375
1940	0.35200000000000037
1941	0.3400000000000004
1942	0.3300000000000004
1943	0.3386666666666671
1944	0.34466666666666707
1945	0.3226666666666672
1946	0.32400000000000034
1947	0.34533333333333377
1948	0.33066666666666716
1949	0.3206666666666671
1950	0.32133333333333386
1951	0.35000000000000037
1952	0.33000000000000057
1953	0.3533333333333337
1954	0.33933333333333376
1955	0.34333333333333377
1956	0.3420000000000004
1957	0.32800000000000046
1958	0.3326666666666671
1959	0.30866666666666714
1960	0.3280000000000004
1961	0.33666666666666706
1962	0.3313333333333338
1963	0.35533333333333367
1964	0.33400000000000046
1965	0.3240000000000004
1966	0.34266666666666706
1967	0.3460000000000004
1968	0.3160000000000005
1969	0.3386666666666671
1970	0.32933333333333376
1971	0.3460000000000004
1972	0.3260000000000005
1973	0.3453333333333337
1974	0.3353333333333337
1975	0.3360000000000003
1976	0.34133333333333377
1977	0.3580000000000004
1978	0.3440000000000004
1979	0.3460000000000004
1980	0.3460000000000004
1981	0.3286666666666671
1982	0.33733333333333376
1983	0.3266666666666672
1984	0.34066666666666706
1985	0.33066666666666705
1986	0.35066666666666707
1987	0.3320000000000004
1988	0.3186666666666671
1989	0.3320000000000005
1990	0.3320000000000004
1991	0.33866666666666706
1992	0.32866666666666705
1993	0.32866666666666705
1994	0.3173333333333338
1995	0.3400000000000004
1996	0.31400000000000045
1997	0.3206666666666671
1998	0.31400000000000045
1999	0.31133333333333385
2000	0.3353333333333338
2001	0.3213333333333338
2002	0.33333333333333376
2003	0.3673333333333336
2004	0.358666666666667
2005	0.34200000000000047
2006	0.34133333333333377
2007	0.33933333333333376
2008	0.3593333333333336
2009	0.3493333333333337
2010	0.3173333333333338
2011	0.31800000000000045
2012	0.34666666666666707
2013	0.3173333333333339
2014	0.3333333333333338
2015	0.32933333333333387
2016	0.3213333333333338
2017	0.3406666666666671
2018	0.342666666666667
2019	0.32800000000000046
2020	0.32866666666666705
2021	0.31400000000000045
2022	0.3493333333333337
2023	0.32933333333333376
2024	0.31866666666666715
2025	0.3520000000000004
2026	0.33733333333333376
2027	0.3453333333333337
2028	0.34600000000000036
2029	0.32600000000000046
2030	0.354666666666667
2031	0.34866666666666707
2032	0.33066666666666716
2033	0.3313333333333337
2034	0.34066666666666706
2035	0.3266666666666672
2036	0.3260000000000005
2037	0.3653333333333336
2038	0.35533333333333367
2039	0.34866666666666707
2040	0.3386666666666671
2041	0.3500000000000004
2042	0.3293333333333338
2043	0.3340000000000004
2044	0.33466666666666706
2045	0.3400000000000004
2046	0.3313333333333338
2047	0.3273333333333338
2048	0.2993333333333339
2049	0.334666666666667
2050	0.3126666666666672
2051	0.3366666666666671
2052	0.35533333333333367
2053	0.32600000000000046
2054	0.32800000000000046
2055	0.3320000000000004
2056	0.3160000000000005
2057	0.31200000000000044
2058	0.30333333333333384
2059	0.3420000000000004
2060	0.3246666666666671
2061	0.3293333333333338
2062	0.34866666666666707
2063	0.3313333333333338
2064	0.31266666666666715
2065	0.35200000000000037
2066	0.3293333333333338
2067	0.3193333333333338
2068	0.3360000000000004
2069	0.31066666666666704
2070	0.3253333333333337
2071	0.33333333333333376
2072	0.3173333333333338
2073	0.3620000000000003
2074	0.350666666666667
2075	0.32733333333333375
2076	0.3326666666666671
2077	0.3246666666666671
2078	0.3300000000000004
2079	0.3326666666666671
2080	0.3313333333333338
2081	0.3360000000000004
2082	0.35600000000000037
2083	0.3340000000000004
2084	0.3260000000000005
2085	0.3560000000000003
2086	0.3166666666666672
2087	0.3186666666666672
2088	0.3293333333333338
2089	0.32466666666666716
2090	0.3440000000000004
2091	0.31466666666666715
2092	0.32800000000000046
2093	0.3420000000000004
2094	0.3200000000000005
2095	0.33200000000000046
2096	0.3473333333333337
2097	0.3160000000000004
2098	0.3353333333333338
2099	0.3086666666666671
2100	0.3160000000000005
2101	0.3340000000000004
2102	0.3373333333333337
2103	0.35533333333333367
2104	0.3220000000000005
2105	0.3260000000000005
2106	0.3333333333333338
2107	0.33733333333333376
2108	0.3400000000000004
2109	0.32400000000000045
2110	0.3380000000000004
2111	0.3266666666666671
2112	0.33800000000000036
2113	0.3233333333333339
2114	0.3380000000000004
2115	0.3220000000000005
2116	0.34266666666666706
2117	0.3233333333333338
2118	0.35000000000000037
2119	0.3280000000000005
2120	0.3400000000000004
2121	0.3420000000000004
2122	0.36066666666666697
2123	0.33600000000000046
2124	0.3460000000000004
2125	0.33066666666666716
2126	0.3380000000000004
2127	0.3373333333333338
2128	0.3306666666666671
2129	0.3440000000000003
2130	0.3220000000000004
2131	0.3120000000000005
2132	0.32133333333333375
2133	0.33800000000000036
2134	0.3160000000000006
2135	0.3293333333333338
2136	0.30333333333333384
2137	0.32466666666666716
2138	0.31533333333333385
2139	0.3393333333333338
2140	0.3260000000000005
2141	0.346666666666667
2142	0.3133333333333339
2143	0.3193333333333339
2144	0.3393333333333337
2145	0.3313333333333338
2146	0.3300000000000005
2147	0.32000000000000045
2148	0.3246666666666671
2149	0.3340000000000004
2150	0.3440000000000004
2151	0.3613333333333337
2152	0.3226666666666671
2153	0.3320000000000004
2154	0.32266666666666716
2155	0.32333333333333386
2156	0.32266666666666716
2157	0.3133333333333338
2158	0.3540000000000003
2159	0.36600000000000027
2160	0.3173333333333338
2161	0.354666666666667
2162	0.33866666666666706
2163	0.3093333333333338
2164	0.3360000000000004
2165	0.35333333333333367
2166	0.3393333333333337
2167	0.3493333333333337
2168	0.33866666666666706
2169	0.3173333333333338
2170	0.32733333333333375
2171	0.3193333333333339
2172	0.33200000000000046
2173	0.3000000000000005
2174	0.33533333333333376
2175	0.358666666666667
2176	0.3273333333333338
2177	0.32600000000000046
2178	0.3646666666666669
2179	0.3333333333333337
2180	0.3406666666666671
2181	0.34400000000000036
2182	0.3353333333333338
2183	0.34400000000000036
2184	0.33666666666666706
2185	0.32800000000000046
2186	0.33133333333333376
2187	0.3406666666666671
2188	0.3166666666666672
2189	0.35600000000000026
2190	0.33000000000000046
2191	0.3373333333333338
2192	0.342666666666667
2193	0.3180000000000005
2194	0.3233333333333338
2195	0.3166666666666671
2196	0.3600000000000003
2197	0.346666666666667
2198	0.3253333333333338
2199	0.352666666666667
2200	0.3420000000000004
2201	0.34666666666666707
2202	0.34000000000000047
2203	0.33733333333333376
2204	0.3380000000000004
2205	0.3026666666666672
2206	0.32733333333333375
2207	0.33733333333333376
2208	0.3273333333333338
2209	0.3473333333333337
2210	0.33533333333333376
2211	0.3366666666666671
2212	0.33266666666666717
2213	0.3326666666666671
2214	0.3400000000000004
2215	0.3400000000000004
2216	0.3420000000000004
2217	0.3353333333333338
2218	0.3726666666666669
2219	0.32666666666666716
2220	0.3373333333333338
2221	0.3366666666666671
2222	0.3066666666666672
2223	0.3106666666666672
2224	0.32533333333333375
2225	0.3460000000000004
2226	0.30933333333333385
2227	0.3380000000000004
2228	0.3153333333333338
2229	0.3133333333333337
2230	0.3320000000000005
2231	0.3213333333333337
2232	0.3053333333333339
2233	0.33733333333333376
2234	0.3180000000000005
2235	0.3226666666666671
2236	0.3180000000000005
2237	0.3106666666666672
2238	0.31933333333333375
2239	0.3353333333333338
2240	0.3366666666666671
2241	0.3226666666666671
2242	0.34066666666666706
2243	0.3386666666666671
2244	0.3473333333333337
2245	0.32866666666666716
2246	0.3373333333333337
2247	0.3126666666666672
2248	0.3080000000000005
2249	0.3326666666666671
2250	0.344666666666667
2251	0.3260000000000005
2252	0.3593333333333337
2253	0.32200000000000045
2254	0.3353333333333337
2255	0.3313333333333338
2256	0.3220000000000005
2257	0.3386666666666671
2258	0.3393333333333337
2259	0.32000000000000045
2260	0.3366666666666671
2261	0.3306666666666671
2262	0.3633333333333336
2263	0.3360000000000004
2264	0.32266666666666705
2265	0.34733333333333366
2266	0.31733333333333386
2267	0.3280000000000005
2268	0.29866666666666714
2269	0.3146666666666671
2270	0.31466666666666715
2271	0.35200000000000037
2272	0.31933333333333386
2273	0.3340000000000004
2274	0.3193333333333338
2275	0.3320000000000004
2276	0.3380000000000004
2277	0.3313333333333338
2278	0.3106666666666672
2279	0.33266666666666717
2280	0.32533333333333375
2281	0.3366666666666671
2282	0.3206666666666671
2283	0.33133333333333376
2284	0.3200000000000005
2285	0.354666666666667
2286	0.3200000000000005
2287	0.3420000000000004
2288	0.33533333333333376
2289	0.3300000000000005
2290	0.29533333333333384
2291	0.3193333333333337
2292	0.3200000000000005
2293	0.32800000000000046
2294	0.3293333333333338
2295	0.34733333333333377
2296	0.33466666666666717
2297	0.3413333333333337
2298	0.34066666666666706
2299	0.3346666666666671
2300	0.35133333333333366
2301	0.3426666666666671
2302	0.3146666666666672
2303	0.3586666666666669
2304	0.33266666666666705
2305	0.33466666666666706
2306	0.3493333333333337
2307	0.3266666666666672
2308	0.3226666666666672
2309	0.34266666666666706
2310	0.34000000000000036
2311	0.3246666666666672
2312	0.3253333333333338
2313	0.35200000000000037
2314	0.3340000000000005
2315	0.3260000000000004
2316	0.3273333333333338
2317	0.32933333333333376
2318	0.3240000000000004
2319	0.3313333333333338
2320	0.3293333333333337
2321	0.3466666666666671
2322	0.32266666666666716
2323	0.3180000000000004
2324	0.33333333333333376
2325	0.3280000000000004
2326	0.3060000000000005
2327	0.348666666666667
2328	0.34666666666666707
2329	0.32933333333333387
2330	0.3460000000000004
2331	0.3246666666666671
2332	0.3493333333333337
2333	0.32866666666666705
2334	0.352666666666667
2335	0.34133333333333377
2336	0.346666666666667
2337	0.31400000000000056
2338	0.33933333333333376
2339	0.360666666666667
2340	0.3293333333333338
2341	0.338666666666667
2342	0.33400000000000046
2343	0.3286666666666671
2344	0.3460000000000004
2345	0.3420000000000004
2346	0.3400000000000004
2347	0.3453333333333337
2348	0.3293333333333338
2349	0.3126666666666672
2350	0.3293333333333338
2351	0.3173333333333338
2352	0.34000000000000036
2353	0.32000000000000056
2354	0.3266666666666671
2355	0.32600000000000046
2356	0.346666666666667
2357	0.3473333333333337
2358	0.34666666666666707
2359	0.338666666666667
2360	0.3133333333333338
2361	0.35733333333333367
2362	0.3333333333333338
2363	0.32866666666666716
2364	0.3320000000000005
2365	0.33066666666666716
2366	0.3380000000000004
2367	0.33933333333333376
2368	0.32800000000000046
2369	0.340666666666667
2370	0.32533333333333375
2371	0.33066666666666716
2372	0.33200000000000046
2373	0.3220000000000005
2374	0.3286666666666671
2375	0.3440000000000004
2376	0.34133333333333377
2377	0.3346666666666671
2378	0.33733333333333376
2379	0.32733333333333386
2380	0.31333333333333385
2381	0.33533333333333376
2382	0.35333333333333367
2383	0.3206666666666671
2384	0.3493333333333337
2385	0.3326666666666671
2386	0.30333333333333373
2387	0.32466666666666716
2388	0.32933333333333376
2389	0.34466666666666707
2390	0.3600000000000003
2391	0.33800000000000036
2392	0.31600000000000045
2393	0.33533333333333376
2394	0.3060000000000005
2395	0.3273333333333338
2396	0.31866666666666715
2397	0.32266666666666716
2398	0.3560000000000003
2399	0.33200000000000046
2400	0.3613333333333336
2401	0.3333333333333338
2402	0.33933333333333376
2403	0.3220000000000005
2404	0.32466666666666716
2405	0.3420000000000004
2406	0.3013333333333338
2407	0.3273333333333338
2408	0.3186666666666671
2409	0.3426666666666671
2410	0.34133333333333377
2411	0.32866666666666716
2412	0.348666666666667
2413	0.3746666666666669
2414	0.32400000000000045
2415	0.3200000000000005
2416	0.3266666666666672
2417	0.3233333333333338
2418	0.34733333333333377
2419	0.34400000000000036
2420	0.3346666666666671
2421	0.33600000000000046
2422	0.35933333333333367
2423	0.3273333333333338
2424	0.3406666666666671
2425	0.3386666666666671
2426	0.35733333333333367
2427	0.3346666666666671
2428	0.3340000000000004
2429	0.3440000000000003
2430	0.3300000000000005
2431	0.3320000000000004
2432	0.32800000000000046
2433	0.3153333333333338
2434	0.3360000000000004
2435	0.32600000000000046
2436	0.354666666666667
2437	0.3186666666666672
2438	0.3153333333333338
2439	0.33933333333333376
2440	0.2973333333333339
2441	0.3313333333333338
2442	0.3260000000000005
2443	0.3233333333333338
2444	0.32733333333333375
2445	0.33200000000000046
2446	0.3233333333333338
2447	0.3513333333333336
2448	0.32333333333333386
2449	0.3146666666666672
2450	0.3253333333333338
2451	0.3366666666666671
2452	0.30733333333333385
2453	0.3233333333333339
2454	0.32866666666666716
2455	0.32866666666666716
2456	0.35133333333333366
2457	0.32866666666666716
2458	0.3160000000000005
2459	0.32933333333333376
2460	0.3273333333333338
2461	0.3373333333333337
2462	0.3306666666666671
2463	0.3153333333333338
2464	0.3313333333333338
2465	0.3193333333333338
2466	0.3413333333333337
2467	0.3220000000000005
2468	0.35133333333333366
2469	0.3246666666666671
2470	0.3346666666666671
2471	0.3333333333333338
2472	0.3086666666666672
2473	0.35266666666666696
2474	0.3346666666666671
2475	0.34200000000000036
2476	0.3346666666666671
2477	0.31733333333333386
2478	0.33800000000000047
2479	0.3306666666666671
2480	0.34866666666666707
2481	0.3493333333333337
2482	0.3433333333333337
2483	0.352666666666667
2484	0.33533333333333376
2485	0.3166666666666672
2486	0.32733333333333386
2487	0.3286666666666671
2488	0.358666666666667
2489	0.35066666666666707
2490	0.3400000000000004
2491	0.3220000000000004
2492	0.3400000000000004
2493	0.33533333333333376
2494	0.3300000000000004
2495	0.3286666666666671
2496	0.3206666666666672
2497	0.3153333333333339
2498	0.31800000000000045
2499	0.3253333333333338
2500	0.32466666666666716
2501	0.32000000000000045
2502	0.32266666666666716
2503	0.30333333333333384
2504	0.3373333333333338
2505	0.3500000000000004
2506	0.3313333333333338
2507	0.31066666666666715
2508	0.31933333333333386
2509	0.3333333333333338
2510	0.30800000000000044
2511	0.34866666666666707
2512	0.3133333333333339
2513	0.3206666666666672
2514	0.3513333333333337
2515	0.33466666666666706
2516	0.3320000000000004
2517	0.3293333333333338
2518	0.32400000000000045
2519	0.3286666666666671
2520	0.3466666666666671
2521	0.3220000000000005
2522	0.33733333333333376
2523	0.3406666666666671
2524	0.3340000000000004
2525	0.31733333333333374
2526	0.3146666666666671
2527	0.32066666666666716
2528	0.33200000000000046
2529	0.34066666666666706
2530	0.32866666666666705
2531	0.32866666666666716
2532	0.3313333333333338
2533	0.3293333333333337
2534	0.3300000000000004
2535	0.35400000000000037
2536	0.33200000000000046
2537	0.33266666666666705
2538	0.3346666666666671
2539	0.3273333333333338
2540	0.3406666666666671
2541	0.356666666666667
2542	0.3306666666666671
2543	0.3293333333333337
2544	0.31200000000000044
2545	0.33000000000000035
2546	0.3373333333333338
2547	0.34000000000000047
2548	0.3380000000000004
2549	0.32266666666666716
2550	0.32266666666666716
2551	0.35733333333333367
2552	0.35666666666666696
2553	0.34066666666666706
2554	0.30933333333333385
2555	0.3326666666666671
2556	0.3460000000000004
2557	0.3340000000000004
2558	0.31400000000000056
2559	0.34466666666666707
2560	0.34600000000000036
2561	0.32800000000000035
2562	0.3446666666666671
2563	0.34133333333333377
2564	0.33400000000000046
2565	0.3080000000000005
2566	0.3073333333333338
2567	0.34466666666666707
2568	0.34866666666666707
2569	0.3160000000000005
2570	0.33733333333333376
2571	0.34466666666666707
2572	0.33200000000000046
2573	0.33866666666666706
2574	0.3053333333333338
2575	0.33400000000000046
2576	0.3573333333333337
2577	0.3133333333333338
2578	0.31600000000000056
2579	0.32466666666666716
2580	0.3393333333333337
2581	0.3513333333333337
2582	0.3380000000000004
2583	0.34466666666666707
2584	0.33066666666666716
2585	0.3326666666666671
2586	0.342666666666667
2587	0.3386666666666671
2588	0.3213333333333338
2589	0.3553333333333337
2590	0.3293333333333338
2591	0.3100000000000005
2592	0.3253333333333338
2593	0.3266666666666671
2594	0.34666666666666707
2595	0.3280000000000005
2596	0.3500000000000003
2597	0.3460000000000004
2598	0.3313333333333338
2599	0.3226666666666671
2600	0.3653333333333336
2601	0.36000000000000026
2602	0.3386666666666671
2603	0.33600000000000046
2604	0.3300000000000005
2605	0.34666666666666707
2606	0.33600000000000035
2607	0.3580000000000003
2608	0.354666666666667
2609	0.3246666666666672
2610	0.33466666666666706
2611	0.3326666666666671
2612	0.3420000000000003
2613	0.34400000000000047
2614	0.3260000000000005
2615	0.3360000000000004
2616	0.3266666666666671
2617	0.34733333333333377
2618	0.34066666666666706
2619	0.31666666666666715
2620	0.3360000000000004
2621	0.34866666666666696
2622	0.3246666666666671
2623	0.30800000000000055
2624	0.3273333333333338
2625	0.3213333333333338
2626	0.3260000000000004
2627	0.3313333333333338
2628	0.33466666666666706
2629	0.3193333333333338
2630	0.34400000000000036
2631	0.3453333333333337
2632	0.3166666666666671
2633	0.34333333333333377
2634	0.31600000000000056
2635	0.3180000000000005
2636	0.3313333333333338
2637	0.3620000000000002
2638	0.3253333333333338
2639	0.30800000000000055
2640	0.33200000000000035
2641	0.31600000000000045
2642	0.3180000000000005
2643	0.34800000000000036
2644	0.33800000000000047
2645	0.350666666666667
2646	0.3420000000000004
2647	0.35200000000000037
2648	0.3446666666666671
2649	0.3160000000000006
2650	0.36000000000000026
2651	0.3380000000000004
2652	0.33266666666666705
2653	0.3320000000000004
2654	0.3340000000000003
2655	0.33600000000000046
2656	0.3240000000000004
2657	0.30466666666666714
2658	0.3240000000000005
2659	0.3266666666666671
2660	0.34533333333333377
2661	0.3306666666666671
2662	0.3186666666666672
2663	0.3233333333333338
2664	0.3340000000000005
2665	0.32600000000000046
2666	0.32800000000000046
2667	0.30000000000000054
2668	0.3353333333333337
2669	0.3140000000000005
2670	0.3286666666666671
2671	0.3413333333333337
2672	0.34000000000000047
2673	0.34666666666666707
2674	0.32000000000000045
2675	0.3320000000000004
2676	0.3093333333333338
2677	0.34333333333333377
2678	0.34400000000000036
2679	0.3420000000000004
2680	0.33000000000000035
2681	0.32733333333333386
2682	0.3280000000000004
2683	0.31866666666666715
2684	0.3313333333333337
2685	0.31400000000000045
2686	0.3213333333333338
2687	0.33866666666666706
2688	0.338666666666667
2689	0.3300000000000005
2690	0.3266666666666671
2691	0.3380000000000004
2692	0.3393333333333338
2693	0.3126666666666672
2694	0.3140000000000005
2695	0.3180000000000004
2696	0.3366666666666671
2697	0.340666666666667
2698	0.3306666666666671
2699	0.350666666666667
2700	0.3340000000000005
2701	0.2986666666666672
2702	0.33000000000000046
2703	0.32000000000000045
2704	0.3166666666666671
2705	0.3286666666666671
2706	0.3340000000000004
2707	0.3246666666666671
2708	0.3326666666666671
2709	0.34200000000000036
2710	0.3620000000000003
2711	0.30866666666666714
2712	0.3300000000000005
2713	0.33266666666666717
2714	0.3280000000000004
2715	0.3366666666666671
2716	0.3326666666666671
2717	0.34866666666666696
2718	0.35600000000000026
2719	0.3420000000000004
2720	0.3200000000000005
2721	0.3493333333333337
2722	0.32066666666666716
2723	0.3373333333333337
2724	0.32066666666666716
2725	0.3160000000000005
2726	0.3286666666666671
2727	0.3220000000000005
2728	0.3473333333333337
2729	0.3226666666666671
2730	0.3400000000000004
2731	0.32733333333333375
2732	0.3380000000000004
2733	0.3120000000000005
2734	0.32133333333333386
2735	0.34466666666666707
2736	0.3093333333333339
2737	0.32866666666666716
2738	0.342666666666667
2739	0.3200000000000005
2740	0.34400000000000047
2741	0.33200000000000046
2742	0.31466666666666715
2743	0.32666666666666716
2744	0.34466666666666707
2745	0.3340000000000004
2746	0.3373333333333338
2747	0.32333333333333386
2748	0.3313333333333337
2749	0.2960000000000004
2750	0.32733333333333375
2751	0.32933333333333387
2752	0.3086666666666671
2753	0.32133333333333386
2754	0.31133333333333385
2755	0.3386666666666671
2756	0.3253333333333338
2757	0.350666666666667
2758	0.3400000000000004
2759	0.3466666666666671
2760	0.3273333333333338
2761	0.33333333333333376
2762	0.3373333333333338
2763	0.3446666666666671
2764	0.35000000000000037
2765	0.35200000000000037
2766	0.3360000000000004
2767	0.3420000000000004
2768	0.34733333333333366
2769	0.3653333333333336
2770	0.346666666666667
2771	0.33533333333333376
2772	0.3493333333333338
2773	0.32133333333333375
2774	0.32266666666666716
2775	0.3240000000000004
2776	0.32133333333333386
2777	0.3080000000000005
2778	0.3440000000000004
2779	0.34866666666666707
2780	0.3280000000000004
2781	0.32266666666666716
2782	0.3393333333333338
2783	0.3153333333333339
2784	0.3306666666666672
2785	0.33600000000000046
2786	0.33133333333333376
2787	0.31533333333333385
2788	0.3300000000000004
2789	0.32933333333333376
2790	0.3473333333333337
2791	0.32800000000000046
2792	0.3346666666666671
2793	0.33333333333333376
2794	0.350666666666667
2795	0.32866666666666716
2796	0.3206666666666672
2797	0.32733333333333386
2798	0.36466666666666697
2799	0.2986666666666672
2800	0.32800000000000046
2801	0.34133333333333377
2802	0.33666666666666706
2803	0.3266666666666671
2804	0.3393333333333338
2805	0.3533333333333337
2806	0.33133333333333376
2807	0.32800000000000046
2808	0.3346666666666671
2809	0.3286666666666671
2810	0.34133333333333377
2811	0.3140000000000005
2812	0.3493333333333338
2813	0.3186666666666671
2814	0.32266666666666716
2815	0.3373333333333337
2816	0.33800000000000047
2817	0.3166666666666671
2818	0.31933333333333375
2819	0.350666666666667
2820	0.31733333333333386
2821	0.3186666666666672
2822	0.33733333333333376
2823	0.352666666666667
2824	0.3580000000000003
2825	0.3153333333333338
2826	0.2986666666666672
2827	0.33600000000000035
2828	0.3086666666666672
2829	0.3313333333333338
2830	0.3306666666666671
2831	0.3400000000000004
2832	0.34466666666666707
2833	0.3093333333333339
2834	0.32533333333333375
2835	0.31866666666666715
2836	0.3440000000000004
2837	0.3273333333333338
2838	0.32000000000000045
2839	0.33866666666666706
2840	0.3440000000000004
2841	0.3500000000000004
2842	0.32666666666666716
2843	0.3113333333333338
2844	0.328666666666667
2845	0.3493333333333336
2846	0.34866666666666707
2847	0.3426666666666671
2848	0.35666666666666696
2849	0.33800000000000047
2850	0.3260000000000005
2851	0.3393333333333337
2852	0.33600000000000046
2853	0.3480000000000004
2854	0.33333333333333376
2855	0.32866666666666716
2856	0.31266666666666715
2857	0.3233333333333338
2858	0.33200000000000046
2859	0.32866666666666716
2860	0.34466666666666707
2861	0.3300000000000005
2862	0.3433333333333337
2863	0.33400000000000046
2864	0.3313333333333338
2865	0.3500000000000004
2866	0.32333333333333386
2867	0.3253333333333338
2868	0.3426666666666671
2869	0.3080000000000005
2870	0.30333333333333384
2871	0.37133333333333357
2872	0.3526666666666671
2873	0.34200000000000036
2874	0.3280000000000004
2875	0.3333333333333338
2876	0.3200000000000005
2877	0.3260000000000005
2878	0.3353333333333338
2879	0.32266666666666705
2880	0.3173333333333338
2881	0.34066666666666706
2882	0.32933333333333387
2883	0.3253333333333337
2884	0.3320000000000005
2885	0.3333333333333338
2886	0.3440000000000004
2887	0.31200000000000044
2888	0.3386666666666671
2889	0.3073333333333338
2890	0.34800000000000036
2891	0.3220000000000005
2892	0.3480000000000004
2893	0.33666666666666717
2894	0.350666666666667
2895	0.30266666666666714
2896	0.3333333333333338
2897	0.33400000000000046
2898	0.31533333333333385
2899	0.32333333333333386
2900	0.33733333333333376
2901	0.34133333333333377
2902	0.33133333333333376
2903	0.3400000000000004
2904	0.3166666666666672
2905	0.32666666666666716
2906	0.34133333333333377
2907	0.34000000000000047
2908	0.3493333333333337
2909	0.3160000000000005
2910	0.32733333333333375
2911	0.3340000000000004
2912	0.33266666666666717
2913	0.3200000000000005
2914	0.34066666666666706
2915	0.3260000000000005
2916	0.3366666666666671
2917	0.3400000000000004
2918	0.34333333333333377
2919	0.3293333333333338
2920	0.3293333333333338
2921	0.36533333333333357
2922	0.33600000000000046
2923	0.3326666666666671
2924	0.3113333333333339
2925	0.35000000000000037
2926	0.34133333333333377
2927	0.32000000000000045
2928	0.3520000000000003
2929	0.33933333333333376
2930	0.356666666666667
2931	0.3306666666666671
2932	0.3433333333333338
2933	0.32666666666666705
2934	0.3046666666666672
2935	0.33866666666666706
2936	0.31333333333333374
2937	0.33200000000000046
2938	0.32400000000000045
2939	0.33133333333333376
2940	0.3160000000000005
2941	0.3460000000000004
2942	0.32866666666666705
2943	0.3493333333333337
2944	0.3240000000000005
2945	0.3320000000000004
2946	0.30866666666666714
2947	0.32933333333333387
2948	0.34333333333333377
2949	0.32666666666666716
2950	0.3293333333333338
2951	0.3126666666666672
2952	0.3146666666666672
2953	0.34800000000000036
2954	0.32200000000000045
2955	0.3333333333333338
2956	0.3273333333333338
2957	0.33666666666666706
2958	0.3126666666666672
2959	0.3220000000000005
2960	0.3160000000000005
2961	0.29800000000000043
2962	0.3333333333333338
2963	0.29600000000000054
2964	0.3093333333333338
2965	0.3326666666666671
2966	0.3066666666666672
2967	0.3340000000000003
2968	0.31466666666666715
2969	0.3600000000000003
2970	0.34866666666666707
2971	0.3366666666666671
2972	0.3446666666666671
2973	0.3353333333333337
2974	0.3260000000000005
2975	0.3146666666666672
2976	0.3380000000000004
2977	0.34666666666666707
2978	0.33000000000000046
2979	0.3473333333333337
2980	0.33266666666666705
2981	0.3200000000000005
2982	0.31933333333333375
2983	0.3320000000000004
2984	0.30933333333333385
2985	0.3153333333333338
2986	0.3193333333333338
2987	0.3226666666666671
2988	0.3173333333333338
2989	0.3080000000000005
2990	0.3293333333333338
2991	0.3346666666666671
2992	0.34266666666666706
2993	0.3280000000000004
2994	0.3113333333333339
2995	0.3366666666666671
2996	0.33000000000000046
2997	0.3173333333333338
2998	0.3240000000000005
2999	0.31666666666666715
3000	0.3240000000000004
3001	0.35200000000000037
3002	0.3740000000000002
3003	0.33066666666666716
3004	0.3273333333333338
3005	0.31000000000000055
3006	0.2966666666666671
3007	0.3226666666666671
3008	0.3513333333333337
3009	0.32666666666666716
3010	0.33600000000000046
3011	0.33200000000000046
3012	0.3126666666666672
3013	0.34933333333333366
3014	0.32800000000000046
3015	0.31733333333333374
3016	0.35000000000000037
3017	0.3080000000000005
3018	0.34266666666666706
3019	0.3386666666666671
3020	0.3400000000000004
3021	0.3340000000000004
3022	0.30133333333333384
3023	0.3246666666666672
3024	0.3220000000000005
3025	0.3313333333333338
3026	0.3513333333333337
3027	0.3233333333333338
3028	0.34533333333333377
3029	0.33666666666666706
3030	0.33000000000000046
3031	0.350666666666667
3032	0.32666666666666716
3033	0.33066666666666716
3034	0.348666666666667
3035	0.3253333333333338
3036	0.3373333333333338
3037	0.31466666666666715
3038	0.32733333333333375
3039	0.354666666666667
3040	0.33733333333333376
3041	0.3620000000000003
3042	0.32666666666666716
3043	0.33533333333333376
3044	0.32333333333333386
3045	0.34800000000000036
3046	0.34266666666666706
3047	0.3320000000000004
3048	0.3346666666666671
3049	0.3173333333333338
3050	0.338666666666667
3051	0.32066666666666716
3052	0.3373333333333337
3053	0.3386666666666671
3054	0.3433333333333337
3055	0.3373333333333338
3056	0.3313333333333338
3057	0.3193333333333338
3058	0.3113333333333338
3059	0.3306666666666671
3060	0.36600000000000027
3061	0.3453333333333337
3062	0.31466666666666715
3063	0.3420000000000003
3064	0.3420000000000004
3065	0.3440000000000004
3066	0.35333333333333367
3067	0.3146666666666671
3068	0.35600000000000037
3069	0.3293333333333338
3070	0.3266666666666671
3071	0.3340000000000004
3072	0.3340000000000004
3073	0.348666666666667
3074	0.3333333333333338
3075	0.35000000000000037
3076	0.35133333333333366
3077	0.3240000000000005
3078	0.30933333333333385
3079	0.3333333333333338
3080	0.3240000000000004
3081	0.3340000000000004
3082	0.3453333333333337
3083	0.3133333333333339
3084	0.3153333333333338
3085	0.3313333333333337
3086	0.3246666666666671
3087	0.3620000000000003
3088	0.3426666666666671
3089	0.31866666666666704
3090	0.30733333333333385
3091	0.3380000000000004
3092	0.3220000000000004
3093	0.3173333333333338
3094	0.3400000000000003
3095	0.32933333333333376
3096	0.30933333333333385
3097	0.3340000000000005
3098	0.33000000000000046
3099	0.3426666666666671
3100	0.3333333333333338
3101	0.3473333333333337
3102	0.3086666666666672
3103	0.3380000000000004
3104	0.3193333333333338
3105	0.3006666666666671
3106	0.3220000000000004
3107	0.3153333333333338
3108	0.3326666666666671
3109	0.31933333333333386
3110	0.3286666666666671
3111	0.3613333333333337
3112	0.3273333333333338
3113	0.3153333333333338
3114	0.3433333333333337
3115	0.3246666666666671
3116	0.33866666666666706
3117	0.34666666666666707
3118	0.3366666666666671
3119	0.32800000000000046
3120	0.3426666666666671
3121	0.3333333333333338
3122	0.356666666666667
3123	0.31733333333333386
3124	0.30800000000000044
3125	0.3340000000000004
3126	0.3433333333333337
3127	0.3340000000000004
3128	0.32266666666666716
3129	0.3326666666666671
3130	0.30800000000000055
3131	0.35000000000000037
3132	0.32200000000000045
3133	0.3220000000000005
3134	0.3060000000000005
3135	0.32200000000000045
3136	0.3433333333333337
3137	0.33200000000000046
3138	0.3133333333333339
3139	0.3513333333333337
3140	0.33800000000000047
3141	0.32266666666666716
3142	0.3326666666666671
3143	0.3233333333333339
3144	0.3226666666666672
3145	0.3266666666666671
3146	0.350666666666667
3147	0.3266666666666671
3148	0.3300000000000004
3149	0.3360000000000005
3150	0.3480000000000004
3151	0.3473333333333337
3152	0.33533333333333376
3153	0.3380000000000004
3154	0.3253333333333338
3155	0.33933333333333376
3156	0.3346666666666671
3157	0.31000000000000044
3158	0.3260000000000004
3159	0.340666666666667
3160	0.3533333333333337
3161	0.3246666666666671
3162	0.3286666666666671
3163	0.3053333333333338
3164	0.342666666666667
3165	0.3573333333333336
3166	0.3140000000000005
3167	0.31800000000000045
3168	0.34266666666666706
3169	0.33066666666666716
3170	0.34066666666666706
3171	0.3420000000000004
3172	0.32066666666666716
3173	0.3073333333333339
3174	0.34400000000000036
3175	0.3206666666666671
3176	0.3326666666666671
3177	0.30800000000000055
3178	0.3213333333333338
3179	0.3260000000000004
3180	0.33200000000000046
3181	0.32466666666666716
3182	0.3440000000000004
3183	0.31266666666666715
3184	0.3400000000000004
3185	0.34800000000000036
3186	0.34066666666666706
3187	0.32933333333333387
3188	0.3233333333333337
3189	0.340666666666667
3190	0.33933333333333376
3191	0.3180000000000005
3192	0.3160000000000005
3193	0.3433333333333337
3194	0.3226666666666671
3195	0.33866666666666706
3196	0.3266666666666671
3197	0.3473333333333337
3198	0.33466666666666706
3199	0.3453333333333337
3200	0.3286666666666671
3201	0.3273333333333338
3202	0.31533333333333385
3203	0.32533333333333375
3204	0.33133333333333376
3205	0.3200000000000005
3206	0.35533333333333367
3207	0.33200000000000046
3208	0.3160000000000005
3209	0.3280000000000004
3210	0.31733333333333386
3211	0.3140000000000005
3212	0.31400000000000056
3213	0.34133333333333377
3214	0.3160000000000005
3215	0.3580000000000003
3216	0.33066666666666705
3217	0.31666666666666715
3218	0.342666666666667
3219	0.3333333333333338
3220	0.32666666666666716
3221	0.34333333333333377
3222	0.3226666666666671
3223	0.348666666666667
3224	0.31133333333333385
3225	0.3313333333333338
3226	0.32266666666666716
3227	0.33933333333333376
3228	0.3173333333333338
3229	0.3386666666666671
3230	0.3440000000000004
3231	0.33800000000000047
3232	0.354666666666667
3233	0.3406666666666671
3234	0.33800000000000047
3235	0.3553333333333337
3236	0.3400000000000004
3237	0.33333333333333376
3238	0.330666666666667
3239	0.346666666666667
3240	0.3373333333333337
3241	0.31866666666666715
3242	0.3460000000000004
3243	0.3340000000000004
3244	0.3453333333333337
3245	0.31533333333333374
3246	0.3360000000000004
3247	0.32000000000000045
3248	0.34266666666666706
3249	0.342666666666667
3250	0.3220000000000005
3251	0.3006666666666672
3252	0.3433333333333337
3253	0.3286666666666671
3254	0.32866666666666716
3255	0.35866666666666697
3256	0.33800000000000047
3257	0.3366666666666671
3258	0.3433333333333337
3259	0.3426666666666671
3260	0.33200000000000046
3261	0.3173333333333337
3262	0.3400000000000004
3263	0.34533333333333377
3264	0.32933333333333376
3265	0.3380000000000003
3266	0.32333333333333386
3267	0.3033333333333338
3268	0.29466666666666713
3269	0.3126666666666672
3270	0.3373333333333338
3271	0.34133333333333377
3272	0.3280000000000005
3273	0.3326666666666671
3274	0.3246666666666672
3275	0.3320000000000005
3276	0.32200000000000045
3277	0.3553333333333337
3278	0.33733333333333376
3279	0.336666666666667
3280	0.35333333333333367
3281	0.3146666666666672
3282	0.3366666666666671
3283	0.33800000000000047
3284	0.3293333333333338
3285	0.31933333333333386
3286	0.3326666666666671
3287	0.35000000000000037
3288	0.32933333333333376
3289	0.358666666666667
3290	0.3380000000000004
3291	0.34133333333333377
3292	0.32533333333333375
3293	0.30533333333333385
3294	0.3413333333333337
3295	0.3313333333333338
3296	0.3533333333333337
3297	0.3173333333333338
3298	0.358666666666667
3299	0.34133333333333377
3300	0.3226666666666671
3301	0.35400000000000037
3302	0.3153333333333338
3303	0.3386666666666671
3304	0.31333333333333385
3305	0.354666666666667
3306	0.3280000000000005
3307	0.3160000000000005
3308	0.3453333333333337
3309	0.3313333333333338
3310	0.348666666666667
3311	0.33733333333333376
3312	0.33000000000000046
3313	0.3340000000000004
3314	0.3306666666666671
3315	0.3233333333333338
3316	0.35200000000000037
3317	0.3206666666666671
3318	0.3293333333333338
3319	0.354666666666667
3320	0.32266666666666716
3321	0.3373333333333337
3322	0.3493333333333337
3323	0.31666666666666715
3324	0.32933333333333376
3325	0.32133333333333375
3326	0.33733333333333376
3327	0.33000000000000046
3328	0.31000000000000055
3329	0.32600000000000046
3330	0.3146666666666672
3331	0.3226666666666671
3332	0.32266666666666705
3333	0.33533333333333376
3334	0.33800000000000047
3335	0.30400000000000055
3336	0.3286666666666672
3337	0.33733333333333376
3338	0.352666666666667
3339	0.3360000000000004
3340	0.354666666666667
3341	0.3253333333333338
3342	0.3473333333333337
3343	0.3440000000000004
3344	0.3120000000000005
3345	0.35000000000000037
3346	0.34600000000000036
3347	0.350666666666667
3348	0.32000000000000045
3349	0.3380000000000004
3350	0.3440000000000004
3351	0.3146666666666671
3352	0.3306666666666672
3353	0.3313333333333338
3354	0.3713333333333336
3355	0.3440000000000004
3356	0.3160000000000005
3357	0.3093333333333339
3358	0.3300000000000005
3359	0.3533333333333336
3360	0.3306666666666671
3361	0.3300000000000005
3362	0.3340000000000004
3363	0.32466666666666716
3364	0.31200000000000055
3365	0.3206666666666671
3366	0.33533333333333376
3367	0.33600000000000046
3368	0.3100000000000005
3369	0.3346666666666671
3370	0.3160000000000005
3371	0.3253333333333338
3372	0.340666666666667
3373	0.3180000000000005
3374	0.3086666666666671
3375	0.3306666666666671
3376	0.3120000000000005
3377	0.33533333333333376
3378	0.3260000000000004
3379	0.3480000000000004
3380	0.34266666666666706
3381	0.3420000000000004
3382	0.33333333333333376
3383	0.30333333333333384
3384	0.3466666666666671
3385	0.31666666666666726
3386	0.3420000000000004
3387	0.346666666666667
3388	0.35066666666666707
3389	0.356666666666667
3390	0.3380000000000004
3391	0.3306666666666671
3392	0.32200000000000045
3393	0.33133333333333376
3394	0.3133333333333338
3395	0.3140000000000005
3396	0.32333333333333386
3397	0.3260000000000005
3398	0.3353333333333337
3399	0.35333333333333367
3400	0.34800000000000036
3401	0.32000000000000045
3402	0.3453333333333337
3403	0.3266666666666671
3404	0.3473333333333337
3405	0.3286666666666671
3406	0.32400000000000045
3407	0.3193333333333338
3408	0.34133333333333377
3409	0.33066666666666716
3410	0.3280000000000004
3411	0.33066666666666705
3412	0.33466666666666706
3413	0.3473333333333337
3414	0.32866666666666716
3415	0.3186666666666671
3416	0.3300000000000004
3417	0.32800000000000046
3418	0.3440000000000004
3419	0.35000000000000037
3420	0.3313333333333338
3421	0.31733333333333386
3422	0.33533333333333376
3423	0.3480000000000004
3424	0.33200000000000046
3425	0.348666666666667
3426	0.32200000000000056
3427	0.3326666666666671
3428	0.3280000000000004
3429	0.3133333333333338
3430	0.3400000000000004
3431	0.30533333333333385
3432	0.3460000000000004
3433	0.33933333333333376
3434	0.35133333333333366
3435	0.3373333333333337
3436	0.35333333333333367
3437	0.33933333333333376
3438	0.3306666666666671
3439	0.34666666666666707
3440	0.33733333333333376
3441	0.32733333333333375
3442	0.3573333333333337
3443	0.34133333333333377
3444	0.3146666666666672
3445	0.3320000000000004
3446	0.3346666666666671
3447	0.34133333333333377
3448	0.33600000000000046
3449	0.3353333333333337
3450	0.3313333333333338
3451	0.3340000000000004
3452	0.34933333333333366
3453	0.3160000000000005
3454	0.3400000000000004
3455	0.34333333333333377
3456	0.34333333333333366
3457	0.33666666666666706
3458	0.32866666666666716
3459	0.3260000000000005
3460	0.3406666666666671
3461	0.3413333333333337
3462	0.3500000000000004
3463	0.3473333333333337
3464	0.3300000000000005
3465	0.3180000000000005
3466	0.328666666666667
3467	0.3680000000000002
3468	0.31866666666666715
3469	0.3066666666666672
3470	0.3460000000000004
3471	0.3293333333333338
3472	0.3313333333333337
3473	0.32000000000000045
3474	0.3340000000000005
3475	0.3206666666666671
3476	0.33466666666666717
3477	0.33800000000000047
3478	0.3240000000000005
3479	0.3313333333333337
3480	0.3240000000000005
3481	0.34733333333333366
3482	0.3133333333333339
3483	0.3346666666666671
3484	0.3366666666666671
3485	0.3286666666666672
3486	0.3280000000000005
3487	0.3213333333333338
3488	0.3453333333333337
3489	0.3520000000000003
3490	0.350666666666667
3491	0.3193333333333338
3492	0.34666666666666707
3493	0.32266666666666705
3494	0.3406666666666671
3495	0.3153333333333338
3496	0.3140000000000005
3497	0.33466666666666717
3498	0.3100000000000005
3499	0.33866666666666706
3500	0.3300000000000005
3501	0.3186666666666672
3502	0.32133333333333386
3503	0.32733333333333375
3504	0.3500000000000004
3505	0.3326666666666671
3506	0.3220000000000005
3507	0.3200000000000005
3508	0.3380000000000004
3509	0.31933333333333375
3510	0.3353333333333338
3511	0.3166666666666672
3512	0.33800000000000047
3513	0.32066666666666716
3514	0.3353333333333338
3515	0.3386666666666671
3516	0.3380000000000004
3517	0.346666666666667
3518	0.3286666666666671
3519	0.34866666666666707
3520	0.3266666666666671
3521	0.3306666666666671
3522	0.3473333333333337
3523	0.3246666666666671
3524	0.33400000000000046
3525	0.3280000000000005
3526	0.32866666666666716
3527	0.32933333333333376
3528	0.33666666666666706
3529	0.3100000000000005
3530	0.35200000000000037
3531	0.33733333333333376
3532	0.33266666666666717
3533	0.33666666666666706
3534	0.3300000000000005
3535	0.340666666666667
3536	0.32866666666666716
3537	0.3240000000000005
3538	0.33600000000000046
3539	0.3240000000000005
3540	0.3493333333333338
3541	0.3253333333333338
3542	0.3060000000000005
3543	0.30933333333333385
3544	0.3346666666666671
3545	0.34666666666666707
3546	0.32933333333333376
3547	0.3106666666666672
3548	0.3320000000000004
3549	0.3126666666666672
3550	0.33333333333333376
3551	0.3326666666666671
3552	0.3193333333333338
3553	0.3480000000000004
3554	0.3386666666666671
3555	0.3480000000000004
3556	0.356666666666667
3557	0.3513333333333337
3558	0.3233333333333338
3559	0.33333333333333376
3560	0.344666666666667
3561	0.3400000000000004
3562	0.31866666666666715
3563	0.32666666666666705
3564	0.35533333333333367
3565	0.30200000000000055
3566	0.3340000000000004
3567	0.3220000000000004
3568	0.32733333333333386
3569	0.33000000000000046
3570	0.32733333333333375
3571	0.3186666666666672
3572	0.3260000000000005
3573	0.32666666666666716
3574	0.3373333333333338
3575	0.32200000000000034
3576	0.3413333333333337
3577	0.3386666666666671
3578	0.3400000000000004
3579	0.33600000000000046
3580	0.32866666666666716
3581	0.34000000000000047
3582	0.3173333333333338
3583	0.33266666666666717
3584	0.3180000000000005
3585	0.32733333333333375
3586	0.32333333333333386
3587	0.3440000000000004
3588	0.32800000000000046
3589	0.33800000000000047
3590	0.3386666666666671
3591	0.3406666666666671
3592	0.3253333333333338
3593	0.3053333333333338
3594	0.3126666666666671
3595	0.32333333333333386
3596	0.34333333333333377
3597	0.33333333333333376
3598	0.3386666666666671
3599	0.3206666666666671
3600	0.3100000000000005
3601	0.3426666666666671
3602	0.3586666666666669
3603	0.33733333333333376
3604	0.3233333333333338
3605	0.36466666666666697
3606	0.3680000000000002
3607	0.31666666666666715
3608	0.3253333333333339
3609	0.3113333333333338
3610	0.3426666666666671
3611	0.3140000000000005
3612	0.31066666666666715
3613	0.3493333333333336
3614	0.3126666666666671
3615	0.31333333333333374
3616	0.32133333333333386
3617	0.3326666666666671
3618	0.3253333333333338
3619	0.3373333333333338
3620	0.3360000000000004
3621	0.34066666666666706
3622	0.33666666666666706
3623	0.3313333333333338
3624	0.3313333333333338
3625	0.3253333333333338
3626	0.3460000000000004
3627	0.34133333333333377
3628	0.3233333333333339
3629	0.33733333333333376
3630	0.348666666666667
3631	0.33733333333333376
3632	0.32000000000000045
3633	0.3260000000000004
3634	0.3340000000000004
3635	0.32466666666666716
3636	0.34133333333333377
3637	0.3353333333333337
3638	0.3513333333333337
3639	0.346666666666667
3640	0.31266666666666715
3641	0.31600000000000045
3642	0.32666666666666716
3643	0.30733333333333385
3644	0.3526666666666671
3645	0.34466666666666695
3646	0.3353333333333337
3647	0.3266666666666671
3648	0.3266666666666671
3649	0.3366666666666671
3650	0.32066666666666716
3651	0.3240000000000005
3652	0.3420000000000004
3653	0.3193333333333338
3654	0.3346666666666671
3655	0.3180000000000005
3656	0.31266666666666726
3657	0.3360000000000004
3658	0.3266666666666672
3659	0.32733333333333386
3660	0.33466666666666706
3661	0.3346666666666671
3662	0.3260000000000005
3663	0.3440000000000004
3664	0.3260000000000004
3665	0.3080000000000005
3666	0.33000000000000046
3667	0.3180000000000004
3668	0.30800000000000044
3669	0.3280000000000004
3670	0.32666666666666716
3671	0.3380000000000004
3672	0.3293333333333337
3673	0.3493333333333338
3674	0.3293333333333338
3675	0.3393333333333337
3676	0.3420000000000004
3677	0.3380000000000004
3678	0.3260000000000004
3679	0.34866666666666707
3680	0.3280000000000005
3681	0.3160000000000005
3682	0.3186666666666672
3683	0.33400000000000046
3684	0.33800000000000047
3685	0.3393333333333338
3686	0.3326666666666671
3687	0.31400000000000056
3688	0.33466666666666706
3689	0.33266666666666717
3690	0.32800000000000046
3691	0.3040000000000005
3692	0.32666666666666716
3693	0.34666666666666707
3694	0.3133333333333338
3695	0.3413333333333337
3696	0.3320000000000004
3697	0.3066666666666672
3698	0.3106666666666672
3699	0.33933333333333376
3700	0.32400000000000045
3701	0.35200000000000037
3702	0.3393333333333338
3703	0.31533333333333385
3704	0.3620000000000003
3705	0.3273333333333338
3706	0.33266666666666705
3707	0.3246666666666671
3708	0.3240000000000005
3709	0.3326666666666671
3710	0.3080000000000005
3711	0.34466666666666707
3712	0.32666666666666716
3713	0.33333333333333376
3714	0.3073333333333338
3715	0.3366666666666671
3716	0.34600000000000036
3717	0.3433333333333337
3718	0.3680000000000002
3719	0.33000000000000046
3720	0.3493333333333337
3721	0.3320000000000005
3722	0.32333333333333386
3723	0.3273333333333338
3724	0.3080000000000005
3725	0.31866666666666704
3726	0.3313333333333338
3727	0.3300000000000005
3728	0.3533333333333337
3729	0.3540000000000003
3730	0.3313333333333337
3731	0.3580000000000003
3732	0.3380000000000005
3733	0.31066666666666715
3734	0.32933333333333364
3735	0.31733333333333386
3736	0.3193333333333339
3737	0.31733333333333386
3738	0.3353333333333338
3739	0.34400000000000047
3740	0.33933333333333376
3741	0.3193333333333339
3742	0.3460000000000004
3743	0.3640000000000003
3744	0.34600000000000036
3745	0.31333333333333385
3746	0.33066666666666716
3747	0.3453333333333337
3748	0.3253333333333338
3749	0.3346666666666671
3750	0.30866666666666714
3751	0.3200000000000005
3752	0.3266666666666671
3753	0.3113333333333339
3754	0.3126666666666671
3755	0.3366666666666671
3756	0.3266666666666671
3757	0.3366666666666671
3758	0.3300000000000004
3759	0.3313333333333338
3760	0.33333333333333387
3761	0.3346666666666671
3762	0.3273333333333338
3763	0.348666666666667
3764	0.34133333333333377
3765	0.3233333333333338
3766	0.31133333333333385
3767	0.30933333333333385
3768	0.3440000000000004
3769	0.3573333333333336
3770	0.3333333333333338
3771	0.30733333333333374
3772	0.3386666666666671
3773	0.3293333333333338
3774	0.33133333333333376
3775	0.30933333333333385
3776	0.3186666666666672
3777	0.34533333333333377
3778	0.33866666666666706
3779	0.3600000000000003
3780	0.3380000000000005
3781	0.3560000000000003
3782	0.3220000000000005
3783	0.342666666666667
3784	0.3253333333333338
3785	0.33600000000000046
3786	0.3573333333333336
3787	0.35333333333333367
3788	0.33600000000000046
3789	0.3313333333333338
3790	0.33933333333333376
3791	0.3293333333333338
3792	0.3393333333333338
3793	0.3280000000000004
3794	0.3600000000000004
3795	0.3533333333333337
3796	0.3286666666666671
3797	0.33733333333333376
3798	0.3380000000000004
3799	0.33933333333333376
3800	0.31600000000000045
3801	0.3146666666666671
3802	0.32333333333333375
3803	0.3246666666666672
3804	0.3260000000000005
3805	0.33200000000000035
3806	0.3233333333333338
3807	0.3320000000000004
3808	0.3313333333333338
3809	0.31666666666666715
3810	0.34400000000000036
3811	0.3206666666666671
3812	0.3273333333333338
3813	0.3520000000000003
3814	0.3580000000000003
3815	0.35400000000000037
3816	0.3240000000000005
3817	0.34800000000000036
3818	0.3153333333333338
3819	0.3353333333333337
3820	0.3553333333333336
3821	0.3560000000000003
3822	0.3286666666666671
3823	0.3266666666666671
3824	0.3220000000000005
3825	0.3126666666666671
3826	0.3220000000000004
3827	0.3240000000000004
3828	0.3213333333333337
3829	0.31133333333333385
3830	0.3233333333333338
3831	0.3386666666666671
3832	0.3300000000000004
3833	0.3580000000000003
3834	0.3313333333333338
3835	0.31600000000000045
3836	0.34600000000000036
3837	0.3360000000000004
3838	0.3400000000000004
3839	0.31600000000000045
3840	0.3440000000000004
3841	0.3226666666666672
3842	0.32733333333333375
3843	0.33200000000000046
3844	0.3473333333333337
3845	0.32266666666666716
3846	0.352666666666667
3847	0.33200000000000046
3848	0.30466666666666714
3849	0.3273333333333338
3850	0.34066666666666706
3851	0.3300000000000005
3852	0.31666666666666715
3853	0.3286666666666671
3854	0.33933333333333376
3855	0.3366666666666671
3856	0.32333333333333375
3857	0.34266666666666706
3858	0.3500000000000003
3859	0.33466666666666717
3860	0.366666666666667
3861	0.3433333333333337
3862	0.3420000000000004
3863	0.32133333333333375
3864	0.34866666666666707
3865	0.31933333333333386
3866	0.31533333333333385
3867	0.3006666666666672
3868	0.34400000000000036
3869	0.3446666666666671
3870	0.31866666666666715
3871	0.3353333333333338
3872	0.3206666666666672
3873	0.3366666666666671
3874	0.32933333333333376
3875	0.3346666666666671
3876	0.3386666666666671
3877	0.3393333333333337
3878	0.3366666666666671
3879	0.33733333333333376
3880	0.3340000000000005
3881	0.3473333333333337
3882	0.3313333333333337
3883	0.32533333333333375
3884	0.32666666666666716
3885	0.32266666666666716
3886	0.32933333333333387
3887	0.34000000000000047
3888	0.3193333333333339
3889	0.33133333333333376
3890	0.33400000000000046
3891	0.32866666666666716
3892	0.34200000000000047
3893	0.3560000000000003
3894	0.3280000000000005
3895	0.3306666666666671
3896	0.31066666666666715
3897	0.33133333333333376
3898	0.332666666666667
3899	0.3266666666666671
3900	0.34600000000000036
3901	0.3140000000000005
3902	0.3186666666666671
3903	0.33066666666666716
3904	0.3326666666666671
3905	0.3440000000000004
3906	0.33000000000000046
3907	0.33400000000000046
3908	0.33266666666666717
3909	0.3440000000000004
3910	0.3420000000000004
3911	0.350666666666667
3912	0.33933333333333376
3913	0.3453333333333337
3914	0.31000000000000044
3915	0.344666666666667
3916	0.3360000000000004
3917	0.32333333333333386
3918	0.32333333333333364
3919	0.3400000000000004
3920	0.3213333333333338
3921	0.3366666666666671
3922	0.3580000000000003
3923	0.3106666666666672
3924	0.31933333333333375
3925	0.34866666666666707
3926	0.32733333333333375
3927	0.32466666666666716
3928	0.3346666666666671
3929	0.32066666666666716
3930	0.3406666666666671
3931	0.32466666666666716
3932	0.32866666666666716
3933	0.3273333333333338
3934	0.3273333333333338
3935	0.3233333333333338
3936	0.3326666666666671
3937	0.3213333333333338
3938	0.3246666666666672
3939	0.3380000000000004
3940	0.35133333333333366
3941	0.3306666666666671
3942	0.35200000000000037
3943	0.34466666666666707
3944	0.3340000000000003
3945	0.33000000000000046
3946	0.3166666666666671
3947	0.3266666666666671
3948	0.34200000000000047
3949	0.3046666666666672
3950	0.3393333333333337
3951	0.348666666666667
3952	0.33933333333333376
3953	0.3133333333333339
3954	0.3226666666666671
3955	0.3413333333333337
3956	0.33000000000000046
3957	0.350666666666667
3958	0.31266666666666715
3959	0.3240000000000005
3960	0.32266666666666716
3961	0.3160000000000005
3962	0.32400000000000045
3963	0.33000000000000046
3964	0.35066666666666707
3965	0.3300000000000005
3966	0.33866666666666706
3967	0.3086666666666672
3968	0.356666666666667
3969	0.3400000000000004
3970	0.3340000000000005
3971	0.32933333333333387
3972	0.3353333333333337
3973	0.3253333333333338
3974	0.3300000000000003
3975	0.33866666666666706
3976	0.3373333333333337
3977	0.33533333333333376
3978	0.3313333333333338
3979	0.3353333333333337
3980	0.32200000000000045
3981	0.3273333333333338
3982	0.3253333333333338
3983	0.3420000000000004
3984	0.32533333333333375
3985	0.33266666666666717
3986	0.348666666666667
3987	0.32933333333333376
3988	0.32200000000000045
3989	0.35466666666666696
3990	0.3340000000000004
3991	0.34266666666666706
3992	0.3080000000000005
3993	0.3380000000000004
3994	0.31466666666666704
3995	0.3320000000000005
3996	0.3380000000000004
3997	0.3520000000000003
3998	0.34266666666666706
3999	0.3240000000000005
