0	0.5480000000000004
1	0.4440000000000002
2	0.4600000000000002
3	0.42000000000000015
4	0.4920000000000003
5	0.4880000000000002
6	0.43200000000000016
7	0.44000000000000017
8	0.40000000000000013
9	0.43600000000000017
10	0.4520000000000002
11	0.4720000000000002
12	0.4680000000000002
13	0.4640000000000002
14	0.5000000000000003
15	0.40400000000000014
16	0.41600000000000015
17	0.4520000000000002
18	0.4800000000000002
19	0.3920000000000001
20	0.4520000000000002
21	0.4480000000000002
22	0.43200000000000016
23	0.43200000000000016
24	0.4760000000000002
25	0.4600000000000002
26	0.43600000000000017
27	0.4520000000000003
28	0.42000000000000015
29	0.40000000000000013
30	0.40800000000000014
31	0.43600000000000017
32	0.43200000000000016
33	0.42800000000000016
34	0.43600000000000017
35	0.39600000000000013
36	0.4480000000000002
37	0.42800000000000016
38	0.3600000000000001
39	0.42000000000000015
40	0.4680000000000002
41	0.42000000000000015
42	0.41600000000000015
43	0.4680000000000002
44	0.4680000000000002
45	0.4680000000000002
46	0.44000000000000017
47	0.4600000000000002
48	0.42000000000000015
49	0.44000000000000017
50	0.4800000000000002
51	0.4920000000000003
52	0.4520000000000002
53	0.3920000000000001
54	0.4720000000000002
55	0.43600000000000017
56	0.43600000000000017
57	0.40800000000000014
58	0.4600000000000002
59	0.43600000000000017
60	0.42800000000000016
61	0.4720000000000002
62	0.3800000000000001
63	0.4720000000000002
64	0.5040000000000002
65	0.42000000000000015
66	0.42400000000000015
67	0.4600000000000002
68	0.4440000000000002
69	0.5080000000000003
70	0.42000000000000026
71	0.3680000000000001
72	0.4920000000000003
73	0.5120000000000002
74	0.44000000000000017
75	0.44000000000000017
76	0.42400000000000015
77	0.4480000000000002
78	0.4480000000000002
79	0.41200000000000014
80	0.4600000000000002
81	0.3840000000000001
82	0.4440000000000002
83	0.42400000000000015
84	0.41600000000000015
85	0.40400000000000014
86	0.43600000000000017
87	0.40400000000000014
88	0.4480000000000003
89	0.4920000000000002
90	0.3440000000000001
91	0.4640000000000002
92	0.43200000000000016
93	0.44000000000000017
94	0.4760000000000002
95	0.4600000000000002
96	0.4560000000000002
97	0.41600000000000026
98	0.4720000000000002
99	0.42400000000000015
100	0.4760000000000002
101	0.5040000000000003
102	0.44000000000000017
103	0.4920000000000002
104	0.43200000000000016
105	0.41600000000000015
106	0.3680000000000001
107	0.5200000000000002
108	0.4600000000000002
109	0.4480000000000002
110	0.5080000000000003
111	0.4760000000000002
112	0.5240000000000004
113	0.42800000000000016
114	0.40800000000000014
115	0.43600000000000017
116	0.4560000000000002
117	0.43200000000000016
118	0.42800000000000016
119	0.40400000000000014
120	0.41200000000000014
121	0.4680000000000003
122	0.43600000000000017
123	0.43600000000000017
124	0.42400000000000015
125	0.4760000000000002
126	0.4640000000000002
127	0.4760000000000003
128	0.5200000000000004
129	0.42000000000000015
130	0.4720000000000002
131	0.4760000000000002
132	0.4920000000000002
133	0.5120000000000003
134	0.4960000000000002
135	0.49600000000000033
136	0.4640000000000002
137	0.4440000000000002
138	0.4960000000000002
139	0.4560000000000002
140	0.5560000000000004
141	0.4600000000000002
142	0.4880000000000002
143	0.4520000000000002
144	0.40000000000000013
145	0.42000000000000015
146	0.4600000000000002
147	0.4520000000000002
148	0.4840000000000002
149	0.39600000000000013
150	0.43600000000000017
151	0.43600000000000017
152	0.4840000000000002
153	0.4680000000000003
154	0.4440000000000002
155	0.39600000000000013
156	0.41200000000000014
157	0.4640000000000002
158	0.42800000000000016
159	0.4480000000000002
160	0.4520000000000002
161	0.4480000000000002
162	0.4520000000000002
163	0.4480000000000002
164	0.40400000000000014
165	0.4480000000000002
166	0.42800000000000016
167	0.4480000000000002
168	0.4600000000000002
169	0.41200000000000014
170	0.4800000000000002
171	0.40800000000000014
172	0.44000000000000017
173	0.4640000000000002
174	0.4760000000000002
175	0.4840000000000003
176	0.43600000000000017
177	0.42400000000000015
178	0.4880000000000002
179	0.4440000000000002
180	0.4680000000000002
181	0.43200000000000016
182	0.43600000000000017
183	0.4640000000000002
184	0.42000000000000015
185	0.4600000000000002
186	0.42000000000000015
187	0.4480000000000002
188	0.4560000000000002
189	0.40000000000000013
190	0.4920000000000002
191	0.43600000000000017
192	0.40400000000000014
193	0.43200000000000016
194	0.44000000000000017
195	0.43200000000000016
196	0.4680000000000002
197	0.43200000000000016
198	0.4440000000000002
199	0.3640000000000001
200	0.41200000000000014
201	0.4600000000000002
202	0.4640000000000002
203	0.5000000000000002
204	0.39600000000000013
205	0.42000000000000015
206	0.4440000000000002
207	0.4720000000000002
208	0.44000000000000017
209	0.40800000000000014
210	0.4480000000000002
211	0.3920000000000001
212	0.4840000000000003
213	0.5240000000000004
214	0.4520000000000002
215	0.5080000000000003
216	0.4440000000000002
217	0.41200000000000014
218	0.42400000000000015
219	0.4440000000000002
220	0.41200000000000014
221	0.4960000000000002
222	0.49600000000000033
223	0.4720000000000002
224	0.4480000000000002
225	0.4440000000000002
226	0.4440000000000002
227	0.5200000000000004
228	0.4600000000000002
229	0.4480000000000002
230	0.40800000000000014
231	0.42800000000000016
232	0.4720000000000002
233	0.3840000000000001
234	0.4800000000000003
235	0.43200000000000016
236	0.41200000000000014
237	0.39600000000000013
238	0.42000000000000015
239	0.3800000000000001
240	0.41600000000000015
241	0.4840000000000003
242	0.4720000000000002
243	0.4480000000000002
244	0.40800000000000014
245	0.4720000000000002
246	0.4680000000000002
247	0.4840000000000003
248	0.43200000000000016
249	0.5160000000000003
250	0.42800000000000016
251	0.44000000000000017
252	0.4840000000000002
253	0.3720000000000001
254	0.4480000000000002
255	0.5120000000000003
256	0.4760000000000003
257	0.4680000000000002
258	0.4440000000000002
259	0.41200000000000014
260	0.43600000000000017
261	0.43600000000000017
262	0.3920000000000001
263	0.40400000000000014
264	0.43200000000000016
265	0.41200000000000014
266	0.3920000000000001
267	0.42800000000000016
268	0.40000000000000013
269	0.40000000000000013
270	0.4680000000000002
271	0.40400000000000014
272	0.4600000000000002
273	0.5120000000000003
274	0.40800000000000014
275	0.43600000000000017
276	0.40400000000000014
277	0.4520000000000002
278	0.4840000000000002
279	0.3920000000000001
280	0.44000000000000017
281	0.42400000000000015
282	0.4480000000000002
283	0.44000000000000017
284	0.40800000000000014
285	0.4800000000000002
286	0.4760000000000003
287	0.4720000000000002
288	0.44000000000000017
289	0.43200000000000016
290	0.43600000000000017
291	0.43200000000000016
292	0.4800000000000002
293	0.4800000000000002
294	0.4640000000000002
295	0.4680000000000002
296	0.40400000000000014
297	0.4760000000000003
298	0.4440000000000002
299	0.42000000000000015
300	0.4600000000000002
301	0.4560000000000003
302	0.5000000000000002
303	0.43600000000000017
304	0.42400000000000015
305	0.4680000000000002
306	0.4840000000000003
307	0.42400000000000015
308	0.4680000000000002
309	0.3840000000000001
310	0.4480000000000002
311	0.4720000000000002
312	0.4520000000000002
313	0.43200000000000016
314	0.44000000000000017
315	0.43600000000000017
316	0.41200000000000014
317	0.40800000000000014
318	0.42800000000000016
319	0.41600000000000015
320	0.4480000000000002
321	0.42000000000000015
322	0.43200000000000016
323	0.44000000000000017
324	0.3640000000000001
325	0.42400000000000015
326	0.43200000000000016
327	0.41600000000000015
328	0.5040000000000002
329	0.4680000000000002
330	0.3880000000000001
331	0.40400000000000014
332	0.4600000000000003
333	0.4720000000000002
334	0.43200000000000016
335	0.41600000000000015
336	0.4600000000000002
337	0.4480000000000002
338	0.4480000000000002
339	0.4720000000000002
340	0.42800000000000016
341	0.40000000000000013
342	0.4720000000000002
343	0.4560000000000002
344	0.42400000000000015
345	0.42000000000000015
346	0.39600000000000013
347	0.4720000000000002
348	0.40400000000000014
349	0.42400000000000015
350	0.44000000000000017
351	0.4880000000000002
352	0.41600000000000015
353	0.4840000000000003
354	0.40800000000000014
355	0.43200000000000016
356	0.40400000000000014
357	0.39600000000000013
358	0.41600000000000015
359	0.39600000000000013
360	0.40000000000000013
361	0.4760000000000002
362	0.4800000000000002
363	0.4840000000000003
364	0.4640000000000002
365	0.3920000000000001
366	0.4840000000000003
367	0.4440000000000002
368	0.4520000000000002
369	0.43200000000000016
370	0.4480000000000002
371	0.5000000000000003
372	0.4560000000000002
373	0.44000000000000017
374	0.43200000000000016
375	0.42400000000000015
376	0.4600000000000002
377	0.43200000000000016
378	0.4560000000000002
379	0.42000000000000015
380	0.43200000000000016
381	0.4720000000000002
382	0.4560000000000002
383	0.42000000000000015
384	0.4760000000000002
385	0.41600000000000015
386	0.3800000000000001
387	0.4440000000000002
388	0.40000000000000013
389	0.4440000000000002
390	0.4920000000000003
391	0.4560000000000002
392	0.4800000000000003
393	0.4840000000000002
394	0.4600000000000002
395	0.42400000000000015
396	0.43200000000000016
397	0.43200000000000016
398	0.41600000000000015
399	0.4520000000000002
400	0.5040000000000003
401	0.4480000000000002
402	0.41600000000000015
403	0.4880000000000002
404	0.40800000000000014
405	0.43600000000000017
406	0.41200000000000014
407	0.4440000000000002
408	0.4480000000000002
409	0.42000000000000015
410	0.49600000000000033
411	0.41600000000000015
412	0.4600000000000002
413	0.4680000000000002
414	0.4600000000000002
415	0.3880000000000001
416	0.4480000000000002
417	0.4800000000000002
418	0.40400000000000014
419	0.3920000000000001
420	0.4840000000000003
421	0.4720000000000002
422	0.4480000000000002
423	0.43200000000000016
424	0.44000000000000017
425	0.4880000000000002
426	0.4520000000000002
427	0.4920000000000003
428	0.3800000000000001
429	0.44000000000000017
430	0.4640000000000002
431	0.43200000000000016
432	0.43600000000000017
433	0.4640000000000002
434	0.3840000000000001
435	0.4640000000000002
436	0.49600000000000033
437	0.4600000000000002
438	0.4640000000000002
439	0.41200000000000014
440	0.42800000000000016
441	0.4960000000000002
442	0.5000000000000003
443	0.4440000000000002
444	0.5000000000000003
445	0.4880000000000002
446	0.42000000000000015
447	0.4720000000000003
448	0.5040000000000003
449	0.4640000000000002
450	0.42000000000000015
451	0.40400000000000014
452	0.42000000000000015
453	0.4800000000000002
454	0.3840000000000001
455	0.4760000000000002
456	0.4880000000000002
457	0.4680000000000002
458	0.41200000000000014
459	0.40400000000000014
460	0.4760000000000002
461	0.42000000000000015
462	0.3800000000000001
463	0.44000000000000017
464	0.5040000000000003
465	0.4600000000000003
466	0.4520000000000003
467	0.4560000000000002
468	0.5000000000000003
469	0.41600000000000015
470	0.4680000000000002
471	0.39600000000000013
472	0.42800000000000016
473	0.4360000000000003
474	0.42800000000000016
475	0.4880000000000002
476	0.5000000000000003
477	0.40000000000000013
478	0.5160000000000003
479	0.43200000000000016
480	0.4720000000000002
481	0.4680000000000002
482	0.4520000000000002
483	0.42000000000000015
484	0.4640000000000003
485	0.4640000000000002
486	0.4880000000000003
487	0.4440000000000002
488	0.40800000000000014
489	0.4480000000000002
490	0.4520000000000002
491	0.39600000000000013
492	0.43200000000000016
493	0.44000000000000017
494	0.4760000000000002
495	0.4960000000000002
496	0.4800000000000002
497	0.40800000000000014
498	0.3720000000000001
499	0.39600000000000013
